Ioff Ion Wt Lg Hfin tox WbR WbL Nfin WF vd Vth gmax SS filename
6.23729589999e-09 9.30093357729e-05 0.00668398757666 0.0209628843843 0.0375595426925 0.000793652670818 0.00376894409608 0.00384771388116 5.84819657985e+18 4.235 0.86 0.1806 0.000163531176198 0.0864937023884 Wt0.00668398757666Lg0.0209628843843Hfin0.0375595426925tox0.000793652670818WbR0.00376894409608WbL0.00384771388116Nfin5.84819657985e+18WF4.235
2.88676123542e-08 0.00011811179148 0.00740517169247 0.0179342823678 0.0414746649975 0.000814844223723 0.00360547619051 0.00388254793986 6.3484289177e+18 4.235 0.86 0.1548 0.000213188559045 0.134508023444 Wt0.00740517169247Lg0.0179342823678Hfin0.0414746649975tox0.000814844223723WbR0.00360547619051WbL0.00388254793986Nfin6.3484289177e+18WF4.235
3.14815777271e-08 0.000133474846525 0.00776302646923 0.0182659845514 0.0414346853704 0.000746151961291 0.00389093927372 0.00344528564312 6.06499457117e+18 4.235 0.86 0.1462 0.000236325464991 0.129336885142 Wt0.00776302646923Lg0.0182659845514Hfin0.0414346853704tox0.000746151961291WbR0.00389093927372WbL0.00344528564312Nfin6.06499457117e+18WF4.235
2.41813397274e-08 0.000140791170977 0.00788052254488 0.0197340625677 0.0419163423548 0.000721207737247 0.0039999866092 0.00354182779739 5.68983591087e+18 4.235 0.86 0.1462 0.000249736350267 0.114772644192 Wt0.00788052254488Lg0.0197340625677Hfin0.0419163423548tox0.000721207737247WbR0.0039999866092WbL0.00354182779739Nfin5.68983591087e+18WF4.235
9.63490576649e-09 7.24321172134e-05 0.00772620933112 0.0202062568187 0.0411000352908 0.000745857647453 0.00376638976759 0.00377526322722 5.89101421595e+18 4.235 0.86 0.172 9.14899141776e-05 0.0914506672841 Wt0.00772620933112Lg0.0202062568187Hfin0.0411000352908tox0.000745857647453WbR0.00376638976759WbL0.00377526322722Nfin5.89101421595e+18WF4.235
2.53357086002e-08 0.000118359300416 0.00791323721654 0.0191664730812 0.0413496870485 0.000841704572382 0.00386967683543 0.00374892861029 5.92299978389e+18 4.235 0.86 0.1548 0.00021230585314 0.126299308314 Wt0.00791323721654Lg0.0191664730812Hfin0.0413496870485tox0.000841704572382WbR0.00386967683543WbL0.00374892861029Nfin5.92299978389e+18WF4.235
2.69059164222e-08 0.00012425114727 0.00735627273327 0.0187676675383 0.040854858154 0.000774106057035 0.00394696968479 0.0039013475035 5.92284504279e+18 4.235 0.86 0.1548 0.000223115076371 0.126522242067 Wt0.00735627273327Lg0.0187676675383Hfin0.040854858154tox0.000774106057035WbR0.00394696968479WbL0.0039013475035Nfin5.92284504279e+18WF4.235
2.40926512734e-08 0.000116519612473 0.00806899889185 0.018905979189 0.0409061277136 0.00084330570617 0.00388603055942 0.00391419755026 6.14171674546e+18 4.235 0.86 0.1548 0.000210360650632 0.125936091558 Wt0.00806899889185Lg0.018905979189Hfin0.0409061277136tox0.00084330570617WbR0.00388603055942WbL0.00391419755026Nfin6.14171674546e+18WF4.235
2.0655327097e-08 0.000133958998897 0.00718734253339 0.0195534832356 0.044655549144 0.000773635555361 0.00409338914854 0.00373666156652 5.97195108819e+18 4.235 0.86 0.1548 0.00024178638365 0.11220876235 Wt0.00718734253339Lg0.0195534832356Hfin0.044655549144tox0.000773635555361WbR0.00409338914854WbL0.00373666156652Nfin5.97195108819e+18WF4.235
7.91736558937e-09 0.000108343054728 0.00783636766593 0.0212959945891 0.0410188789065 0.000801899685776 0.00385245040369 0.00369515828699 5.63340671257e+18 4.235 0.86 0.172 0.000187348265585 0.089007077067 Wt0.00783636766593Lg0.0212959945891Hfin0.0410188789065tox0.000801899685776WbR0.00385245040369WbL0.00369515828699Nfin5.63340671257e+18WF4.235
3.41183842014e-08 0.000121093782684 0.00778825488297 0.0180146650803 0.0399248046846 0.000788365093345 0.00400025186274 0.00388060443548 6.10241483977e+18 4.235 0.86 0.1462 0.000214561408668 0.14044556733 Wt0.00778825488297Lg0.0180146650803Hfin0.0399248046846tox0.000788365093345WbR0.00400025186274WbL0.00388060443548Nfin6.10241483977e+18WF4.235
2.32507756962e-08 0.000131514348155 0.0079265519181 0.0194433968524 0.04217467554 0.000772847830926 0.00375219047259 0.00371592701865 5.9074207621e+18 4.235 0.86 0.1548 0.000234947981265 0.117380246475 Wt0.0079265519181Lg0.0194433968524Hfin0.04217467554tox0.000772847830926WbR0.00375219047259WbL0.00371592701865Nfin5.9074207621e+18WF4.235
4.01064381845e-08 0.000126695783661 0.00772551352157 0.0180523402586 0.044638975232 0.000842228564407 0.00363380017817 0.00360460671384 6.03438918881e+18 4.235 0.86 0.1462 0.000225011199841 0.148810446479 Wt0.00772551352157Lg0.0180523402586Hfin0.044638975232tox0.000842228564407WbR0.00363380017817WbL0.00360460671384Nfin6.03438918881e+18WF4.235
6.15573963335e-09 9.04960378736e-05 0.00806410628306 0.0201910669649 0.0416479847844 0.000857802321636 0.00376683839821 0.0037396820396 6.45427611895e+18 4.235 0.86 0.1892 0.000140498622143 0.0885439205639 Wt0.00806410628306Lg0.0201910669649Hfin0.0416479847844tox0.000857802321636WbR0.00376683839821WbL0.0037396820396Nfin6.45427611895e+18WF4.235
1.04565090937e-08 7.9087235539e-05 0.0075603383098 0.0204677252006 0.0414864458058 0.000849343564385 0.00409893436617 0.0040261458389 5.60695416497e+18 4.235 0.86 0.172 0.000116715757001 0.0971782704305 Wt0.0075603383098Lg0.0204677252006Hfin0.0414864458058tox0.000849343564385WbR0.00409893436617WbL0.0040261458389Nfin5.60695416497e+18WF4.235
8.14621896459e-09 0.000103111731926 0.00732563517087 0.020063930492 0.0406359997264 0.000798404144653 0.0039976199424 0.00404026773636 6.04190590237e+18 4.235 0.86 0.1806 0.000167747404031 0.091841920438 Wt0.00732563517087Lg0.020063930492Hfin0.0406359997264tox0.000798404144653WbR0.0039976199424WbL0.00404026773636Nfin6.04190590237e+18WF4.235
9.31373902909e-09 6.78962525062e-05 0.00737724496377 0.0202164919589 0.0407255555523 0.000796651209092 0.00409139440551 0.00379478201567 5.78606169779e+18 4.235 0.86 0.172 8.8434227883e-05 0.0944955830686 Wt0.00737724496377Lg0.0202164919589Hfin0.0407255555523tox0.000796651209092WbR0.00409139440551WbL0.00379478201567Nfin5.78606169779e+18WF4.235
1.0478552563e-08 7.21686178787e-05 0.00784254930356 0.020270592652 0.0428050584997 0.000854413532894 0.00416602685038 0.00392053385472 5.77771344037e+18 4.235 0.86 0.172 9.29670042316e-05 0.0972571713411 Wt0.00784254930356Lg0.020270592652Hfin0.0428050584997tox0.000854413532894WbR0.00416602685038WbL0.00392053385472Nfin5.77771344037e+18WF4.235
2.05691459704e-08 0.000114249286693 0.00771863749643 0.0186453698154 0.0393382965161 0.000829147222855 0.00369730970586 0.00367684260888 6.32489291225e+18 4.235 0.86 0.1634 0.000206644306387 0.119989191799 Wt0.00771863749643Lg0.0186453698154Hfin0.0393382965161tox0.000829147222855WbR0.00369730970586WbL0.00367684260888Nfin6.32489291225e+18WF4.235
8.90923412892e-09 8.26901890761e-05 0.00740849101693 0.0202542821735 0.0460507707999 0.00073396295616 0.00392619849587 0.00354937105284 6.07156652684e+18 4.235 0.86 0.172 0.000115452080152 0.0889961373554 Wt0.00740849101693Lg0.0202542821735Hfin0.0460507707999tox0.00073396295616WbR0.00392619849587WbL0.00354937105284Nfin6.07156652684e+18WF4.235
2.60459542981e-08 0.000139577996569 0.00664163751773 0.018975568665 0.0446384531707 0.000744205322121 0.00352080996078 0.00433229683908 5.86965792813e+18 4.235 0.86 0.1462 0.000249196034488 0.119992888994 Wt0.00664163751773Lg0.018975568665Hfin0.0446384531707tox0.000744205322121WbR0.00352080996078WbL0.00433229683908Nfin5.86965792813e+18WF4.235
8.65005391418e-09 9.26326147564e-05 0.00713497897418 0.0207243626063 0.0416761615216 0.000812182246175 0.00396611380652 0.00403710735477 5.67338193047e+18 4.235 0.86 0.172 0.000157589119741 0.0920812830643 Wt0.00713497897418Lg0.0207243626063Hfin0.0416761615216tox0.000812182246175WbR0.00396611380652WbL0.00403710735477Nfin5.67338193047e+18WF4.235
2.49063183045e-08 0.000126136040515 0.00790850852213 0.0186374967719 0.0418542721622 0.000797787265994 0.00353036140134 0.00381188353537 6.22905815244e+18 4.235 0.86 0.1548 0.000226338350242 0.123044573717 Wt0.00790850852213Lg0.0186374967719Hfin0.0418542721622tox0.000797787265994WbR0.00353036140134WbL0.00381188353537Nfin6.22905815244e+18WF4.235
6.06986892554e-09 7.96707620516e-05 0.00801886373982 0.0205427168056 0.0394063356226 0.000834406626731 0.00387063000845 0.00352380799813 6.21001201867e+18 4.235 0.86 0.1806 0.000126347648188 0.088167785393 Wt0.00801886373982Lg0.0205427168056Hfin0.0394063356226tox0.000834406626731WbR0.00387063000845WbL0.00352380799813Nfin6.21001201867e+18WF4.235
2.7392721967e-08 0.00012760377868 0.00797717905869 0.0197656613502 0.0413024658021 0.000790044769936 0.00360351836523 0.00378757858888 5.50024114033e+18 4.235 0.86 0.1462 0.000226791660813 0.125891193718 Wt0.00797717905869Lg0.0197656613502Hfin0.0413024658021tox0.000790044769936WbR0.00360351836523WbL0.00378757858888Nfin5.50024114033e+18WF4.235
1.23258953019e-08 0.00011755784362 0.00794830246636 0.0194070945976 0.0405625846178 0.000812327256533 0.00392437522973 0.00367696414918 6.68422823045e+18 4.235 0.86 0.172 0.00021592997873 0.101000954487 Wt0.00794830246636Lg0.0194070945976Hfin0.0405625846178tox0.000812327256533WbR0.00392437522973WbL0.00367696414918Nfin6.68422823045e+18WF4.235
3.25595708072e-08 0.000131665221384 0.00737511369545 0.018760788909 0.0446600799 0.000795325237482 0.00382401150153 0.00370226401802 5.82413322596e+18 4.235 0.86 0.1462 0.000236019870301 0.134486027759 Wt0.00737511369545Lg0.018760788909Hfin0.0446600799tox0.000795325237482WbR0.00382401150153WbL0.00370226401802Nfin5.82413322596e+18WF4.235
2.24855682491e-08 0.000118268183064 0.00809674079841 0.0186199412801 0.041355791102 0.000831223201828 0.00386233577098 0.00373438063615 6.39840752083e+18 4.235 0.86 0.1634 0.00021406791913 0.122770899128 Wt0.00809674079841Lg0.0186199412801Hfin0.041355791102tox0.000831223201828WbR0.00386233577098WbL0.00373438063615Nfin6.39840752083e+18WF4.235
9.80726795606e-09 7.79821038451e-05 0.00776757649031 0.020275104709 0.0426688840145 0.0007695279173 0.00346282298061 0.00369078726887 5.88065704479e+18 4.235 0.86 0.172 0.000105602339814 0.0917598210216 Wt0.00776757649031Lg0.020275104709Hfin0.0426688840145tox0.0007695279173WbR0.00346282298061WbL0.00369078726887Nfin5.88065704479e+18WF4.235
6.77631716853e-09 9.12035949181e-05 0.00816683221899 0.0200686625396 0.0399909689883 0.000804110722092 0.00394693088979 0.00396461095647 6.37167497123e+18 4.235 0.86 0.1806 0.000141540170272 0.0887552549124 Wt0.00816683221899Lg0.0200686625396Hfin0.0399909689883tox0.000804110722092WbR0.00394693088979WbL0.00396461095647Nfin6.37167497123e+18WF4.235
1.09861807615e-08 0.00011542590839 0.00677239984661 0.0197383969772 0.0396242471933 0.000792424418178 0.00332062772036 0.00359074475191 6.42923454549e+18 4.235 0.86 0.172 0.000211297515794 0.0978502881602 Wt0.00677239984661Lg0.0197383969772Hfin0.0396242471933tox0.000792424418178WbR0.00332062772036WbL0.00359074475191Nfin6.42923454549e+18WF4.235
3.27107161635e-08 0.000120847781189 0.00801578508478 0.0196200538354 0.0405808408895 0.000826242044652 0.0035919718326 0.00411394099043 5.36382996064e+18 4.235 0.86 0.1462 0.000214904129813 0.137807019502 Wt0.00801578508478Lg0.0196200538354Hfin0.0405808408895tox0.000826242044652WbR0.0035919718326WbL0.00411394099043Nfin5.36382996064e+18WF4.235
7.59296190082e-09 0.000104518274494 0.00737911473859 0.0200582217005 0.040864420341 0.000795068937153 0.00343188871085 0.00434760886682 6.15109501317e+18 4.235 0.86 0.1806 0.000172195850201 0.0910982761682 Wt0.00737911473859Lg0.0200582217005Hfin0.040864420341tox0.000795068937153WbR0.00343188871085WbL0.00434760886682Nfin6.15109501317e+18WF4.235
1.93918591684e-08 0.000129095003754 0.00676747916416 0.0192156431628 0.0428092393248 0.000772430542288 0.00373603254237 0.00388606087506 6.11453161037e+18 4.235 0.86 0.1548 0.000232566792898 0.111686236651 Wt0.00676747916416Lg0.0192156431628Hfin0.0428092393248tox0.000772430542288WbR0.00373603254237WbL0.00388606087506Nfin6.11453161037e+18WF4.235
9.38764603713e-09 8.11997995949e-05 0.00759812875689 0.0203864829655 0.0423333645123 0.000796235282924 0.00400607066911 0.00367401473777 5.85393643912e+18 4.235 0.86 0.172 0.00011834560651 0.0918848050255 Wt0.00759812875689Lg0.0203864829655Hfin0.0423333645123tox0.000796235282924WbR0.00400607066911WbL0.00367401473777Nfin5.85393643912e+18WF4.235
3.63146205e-09 0.000106203752883 0.00742978509012 0.021507466154 0.0406767027058 0.000800945228973 0.00384686771164 0.00385855671509 6.50751790432e+18 4.235 0.86 0.1978 0.000197293610914 0.0802594560615 Wt0.00742978509012Lg0.021507466154Hfin0.0406767027058tox0.000800945228973WbR0.00384686771164WbL0.00385855671509Nfin6.50751790432e+18WF4.235
1.07435305884e-08 9.82147476194e-05 0.00790697936253 0.0200880097029 0.042310939993 0.000809143909744 0.00376223019335 0.0042751030503 5.84653207089e+18 4.235 0.86 0.172 0.000149633588638 0.0952811918269 Wt0.00790697936253Lg0.0200880097029Hfin0.042310939993tox0.000809143909744WbR0.00376223019335WbL0.0042751030503Nfin5.84653207089e+18WF4.235
7.96248883756e-09 9.88332230075e-05 0.0078351439123 0.0208620403254 0.0388031950078 0.000748731711911 0.00388050730905 0.00403130373729 5.75624399222e+18 4.235 0.86 0.172 0.000168674018813 0.0887137601672 Wt0.0078351439123Lg0.0208620403254Hfin0.0388031950078tox0.000748731711911WbR0.00388050730905WbL0.00403130373729Nfin5.75624399222e+18WF4.235
2.91334021444e-08 0.000132555898493 0.00667910767839 0.0192180075527 0.046037639394 0.000811508881814 0.00405137511523 0.00362545801325 5.66861858212e+18 4.235 0.86 0.1462 0.000236934012505 0.126550622961 Wt0.00667910767839Lg0.0192180075527Hfin0.046037639394tox0.000811508881814WbR0.00405137511523WbL0.00362545801325Nfin5.66861858212e+18WF4.235
5.72744596237e-09 8.16355448042e-05 0.00761297706194 0.0205229592197 0.0413279209278 0.000827185661174 0.00397879022192 0.00385513421258 6.38941215059e+18 4.235 0.86 0.1806 0.000127428559225 0.0858813994767 Wt0.00761297706194Lg0.0205229592197Hfin0.0413279209278tox0.000827185661174WbR0.00397879022192WbL0.00385513421258Nfin6.38941215059e+18WF4.235
2.18761041678e-08 0.000118968281358 0.00756653946131 0.0189627674142 0.0407560375786 0.000828940355782 0.00359174469157 0.00381012175598 6.1186343555e+18 4.235 0.86 0.1548 0.000214488436254 0.12017595423 Wt0.00756653946131Lg0.0189627674142Hfin0.0407560375786tox0.000828940355782WbR0.00359174469157WbL0.00381012175598Nfin6.1186343555e+18WF4.235
5.61158981764e-09 0.000130394975164 0.00713516262495 0.0217253006353 0.0464050749317 0.000755328733246 0.00366535812049 0.00364995264856 6.09717040797e+18 4.235 0.86 0.1806 0.000240509856828 0.0823265012539 Wt0.00713516262495Lg0.0217253006353Hfin0.0464050749317tox0.000755328733246WbR0.00366535812049WbL0.00364995264856Nfin6.09717040797e+18WF4.235
1.3675435291e-08 0.000131211800667 0.00683493534316 0.0199133655776 0.0433603545847 0.000763079573788 0.00377988146561 0.00375399107668 5.62173460134e+18 4.235 0.86 0.1634 0.000237560994906 0.0998601237465 Wt0.00683493534316Lg0.0199133655776Hfin0.0433603545847tox0.000763079573788WbR0.00377988146561WbL0.00375399107668Nfin5.62173460134e+18WF4.235
2.11579601899e-08 0.000139748744278 0.00778098212127 0.0197662662292 0.0436167338724 0.000746830419456 0.00333855420223 0.00377483682765 5.8622881903e+18 4.235 0.86 0.1548 0.000249669313387 0.111358402705 Wt0.00778098212127Lg0.0197662662292Hfin0.0436167338724tox0.000746830419456WbR0.00333855420223WbL0.00377483682765Nfin5.8622881903e+18WF4.235
2.91189545875e-08 0.000122932184733 0.0073009239269 0.0192158502155 0.0415941326214 0.000806383431823 0.00376368213978 0.00393160599127 5.61268715472e+18 4.235 0.86 0.1462 0.000220064920977 0.131761273506 Wt0.0073009239269Lg0.0192158502155Hfin0.0415941326214tox0.000806383431823WbR0.00376368213978WbL0.00393160599127Nfin5.61268715472e+18WF4.235
5.16129432761e-09 0.000116551128604 0.00711541541452 0.0212756478609 0.0423859543592 0.000748306726058 0.00384473399153 0.00374115604315 6.26156167336e+18 4.235 0.86 0.1806 0.00021057327404 0.0823569986377 Wt0.00711541541452Lg0.0212756478609Hfin0.0423859543592tox0.000748306726058WbR0.00384473399153WbL0.00374115604315Nfin6.26156167336e+18WF4.235
7.97299509883e-09 9.701193055e-05 0.00728243965438 0.0205728051573 0.0446519430276 0.000762829852403 0.00367880124164 0.00372121472462 5.99239654465e+18 4.235 0.86 0.172 0.000163275844967 0.0885536957088 Wt0.00728243965438Lg0.0205728051573Hfin0.0446519430276tox0.000762829852403WbR0.00367880124164WbL0.00372121472462Nfin5.99239654465e+18WF4.235
8.295505839e-09 0.000120395015891 0.00758767973627 0.0216327519173 0.0405855889732 0.00075322375517 0.00370328714891 0.00358957003879 5.45895873919e+18 4.235 0.86 0.172 0.000213035678848 0.0882801248212 Wt0.00758767973627Lg0.0216327519173Hfin0.0405855889732tox0.00075322375517WbR0.00370328714891WbL0.00358957003879Nfin5.45895873919e+18WF4.235
1.26087679227e-08 8.27964002061e-05 0.0075707406616 0.0204410314097 0.04144604106 0.000793571723881 0.00384719941877 0.00387854545974 5.39472530837e+18 4.235 0.86 0.1634 0.000122972305191 0.0979219765133 Wt0.0075707406616Lg0.0204410314097Hfin0.04144604106tox0.000793571723881WbR0.00384719941877WbL0.00387854545974Nfin5.39472530837e+18WF4.235
5.12091626985e-09 0.000108813156712 0.00768830194919 0.0214601131253 0.0395325546603 0.000780586845527 0.00351227702991 0.00387763467673 6.12779559007e+18 4.235 0.86 0.1806 0.000193518603623 0.0827896653022 Wt0.00768830194919Lg0.0214601131253Hfin0.0395325546603tox0.000780586845527WbR0.00351227702991WbL0.00387763467673Nfin6.12779559007e+18WF4.235
6.75999755171e-09 0.000109467278295 0.0074060236067 0.0201362916569 0.0463653684314 0.000840133091304 0.00420137573597 0.00391292981859 6.43283316615e+18 4.235 0.86 0.1806 0.000181614643037 0.0889102923554 Wt0.0074060236067Lg0.0201362916569Hfin0.0463653684314tox0.000840133091304WbR0.00420137573597WbL0.00391292981859Nfin6.43283316615e+18WF4.235
7.71471101322e-09 0.000105418320622 0.00673079976637 0.0201320484844 0.0439209305777 0.000838327566819 0.00376425979981 0.00379543453362 6.14186476082e+18 4.235 0.86 0.1806 0.000174021209868 0.0910627315772 Wt0.00673079976637Lg0.0201320484844Hfin0.0439209305777tox0.000838327566819WbR0.00376425979981WbL0.00379543453362Nfin6.14186476082e+18WF4.235
6.48198026201e-09 0.000119547640029 0.00776007333288 0.0199822381119 0.0391622934351 0.000763147084904 0.00372896080954 0.00389093928962 6.47095111771e+18 4.235 0.86 0.1806 0.000221320440975 0.0861683979151 Wt0.00776007333288Lg0.0199822381119Hfin0.0391622934351tox0.000763147084904WbR0.00372896080954WbL0.00389093928962Nfin6.47095111771e+18WF4.235
2.54251672847e-08 0.000123285297996 0.00739715014933 0.0182978507352 0.0441660506864 0.000823753704924 0.00401067960017 0.00398034826944 6.4318038711e+18 4.235 0.86 0.1548 0.000223852412382 0.126181554841 Wt0.00739715014933Lg0.0182978507352Hfin0.0441660506864tox0.000823753704924WbR0.00401067960017WbL0.00398034826944Nfin6.4318038711e+18WF4.235
1.42343459043e-08 0.000135255359167 0.00778920762389 0.0198598618555 0.0430031397537 0.000759842543775 0.00329260512915 0.00371585026745 5.84556665078e+18 4.235 0.86 0.1634 0.000243113496184 0.0997995546579 Wt0.00778920762389Lg0.0198598618555Hfin0.0430031397537tox0.000759842543775WbR0.00329260512915WbL0.00371585026745Nfin5.84556665078e+18WF4.235
4.97163478329e-09 0.00012557343232 0.00763172852552 0.0217641587142 0.0471407125764 0.000803449712838 0.00402809962308 0.00404663080846 6.31440922626e+18 4.235 0.86 0.1806 0.000228102356343 0.0808054626619 Wt0.00763172852552Lg0.0217641587142Hfin0.0471407125764tox0.000803449712838WbR0.00402809962308WbL0.00404663080846Nfin6.31440922626e+18WF4.235
2.28509666586e-08 0.0001220233375 0.00712711871158 0.0192191086401 0.0418871650292 0.000809246944513 0.0034899592983 0.00389700195027 5.8842258115e+18 4.235 0.86 0.1548 0.000219579768536 0.12047447964 Wt0.00712711871158Lg0.0192191086401Hfin0.0418871650292tox0.000809246944513WbR0.0034899592983WbL0.00389700195027Nfin5.8842258115e+18WF4.235
6.74909140948e-09 0.000103009627693 0.0075012476883 0.021082346885 0.0406775263462 0.000801251541066 0.00363968995925 0.00342477871455 5.90558495184e+18 4.235 0.86 0.1806 0.00017784802676 0.0862774683257 Wt0.0075012476883Lg0.021082346885Hfin0.0406775263462tox0.000801251541066WbR0.00363968995925WbL0.00342477871455Nfin5.90558495184e+18WF4.235
1.42948888461e-08 0.00013236781066 0.00802323638886 0.0199896188117 0.0426708151651 0.00076742131534 0.00407315207566 0.0033480053266 5.56150572055e+18 4.235 0.86 0.1634 0.000238856207021 0.100190355124 Wt0.00802323638886Lg0.0199896188117Hfin0.0426708151651tox0.00076742131534WbR0.00407315207566WbL0.0033480053266Nfin5.56150572055e+18WF4.235
1.49665746503e-08 0.000132543660119 0.0077334134287 0.0197536005908 0.0440702099354 0.00077982300515 0.00386266720947 0.00400175953286 6.37783321068e+18 4.235 0.86 0.1634 0.00024039823069 0.102937853213 Wt0.0077334134287Lg0.0197536005908Hfin0.0440702099354tox0.00077982300515WbR0.00386266720947WbL0.00400175953286Nfin6.37783321068e+18WF4.235
1.33039435687e-08 0.00011859998073 0.00735220656279 0.0196986210168 0.0423680660248 0.000823398526254 0.00381052417033 0.00442236867958 6.4420719294e+18 4.235 0.86 0.172 0.000218509557991 0.103751461399 Wt0.00735220656279Lg0.0196986210168Hfin0.0423680660248tox0.000823398526254WbR0.00381052417033WbL0.00442236867958Nfin6.4420719294e+18WF4.235
4.45755605558e-08 0.000129481404276 0.00755277923393 0.0181502017065 0.0429262715468 0.000803122202568 0.00390680248689 0.00381041394782 5.7938390929e+18 4.235 0.86 0.1376 0.000227313897278 0.152249556677 Wt0.00755277923393Lg0.0181502017065Hfin0.0429262715468tox0.000803122202568WbR0.00390680248689WbL0.00381041394782Nfin5.7938390929e+18WF4.235
6.31803000992e-09 9.5229863431e-05 0.00768359472714 0.02006295268 0.0419118253584 0.000764436950325 0.00374395304722 0.0040004310254 6.59390184361e+18 4.235 0.86 0.1806 0.000146231882948 0.0855545525496 Wt0.00768359472714Lg0.02006295268Hfin0.0419118253584tox0.000764436950325WbR0.00374395304722WbL0.0040004310254Nfin6.59390184361e+18WF4.235
8.0854670923e-09 9.97716626822e-05 0.00783501353506 0.021010449048 0.0406108023552 0.000820847335543 0.00361985977702 0.00360183853986 5.68176848815e+18 4.235 0.86 0.172 0.000170274703116 0.0910948874937 Wt0.00783501353506Lg0.021010449048Hfin0.0406108023552tox0.000820847335543WbR0.00361985977702WbL0.00360183853986Nfin5.68176848815e+18WF4.235
5.01110298838e-09 0.000110083454325 0.00759169641038 0.0216448760392 0.0438137653926 0.000855761733484 0.00394193083522 0.00389522609684 6.14547974273e+18 4.235 0.86 0.1892 0.000197965803615 0.0833140874715 Wt0.00759169641038Lg0.0216448760392Hfin0.0438137653926tox0.000855761733484WbR0.00394193083522WbL0.00389522609684Nfin6.14547974273e+18WF4.235
2.04894575926e-08 0.000113534731025 0.00726318207715 0.019108159342 0.0397868303309 0.000826140774751 0.00370653417405 0.00365202615427 6.00060461108e+18 4.235 0.86 0.1634 0.000205909795721 0.120133185228 Wt0.00726318207715Lg0.019108159342Hfin0.0397868303309tox0.000826140774751WbR0.00370653417405WbL0.00365202615427Nfin6.00060461108e+18WF4.235
4.80861738567e-09 0.000113611042658 0.00754958173974 0.0212886593294 0.0405797648295 0.00074199275819 0.00365200738816 0.00415132429026 6.40347612185e+18 4.235 0.86 0.1806 0.000201411838613 0.0804501239009 Wt0.00754958173974Lg0.0212886593294Hfin0.0405797648295tox0.00074199275819WbR0.00365200738816WbL0.00415132429026Nfin6.40347612185e+18WF4.235
1.04773622751e-08 8.13323819038e-05 0.00760739236569 0.0203112461508 0.0439669489667 0.000776780299916 0.00382979958876 0.00410711847075 5.80680190426e+18 4.235 0.86 0.1634 0.000112433950576 0.0923474525064 Wt0.00760739236569Lg0.0203112461508Hfin0.0439669489667tox0.000776780299916WbR0.00382979958876WbL0.00410711847075Nfin5.80680190426e+18WF4.235
1.86709558715e-08 0.000130701254614 0.00719544284278 0.0195214649741 0.0429559236015 0.000769603696422 0.00366301761046 0.00362202462309 6.06250143403e+18 4.235 0.86 0.1548 0.000235679365433 0.10930885926 Wt0.00719544284278Lg0.0195214649741Hfin0.0429559236015tox0.000769603696422WbR0.00366301761046WbL0.00362202462309Nfin6.06250143403e+18WF4.235
8.58815712814e-09 8.49507826408e-05 0.00751791493944 0.020507492619 0.0406505478783 0.000792502909624 0.00368835877219 0.00363801858853 5.82210441483e+18 4.235 0.86 0.172 0.000133717207669 0.0912455152074 Wt0.00751791493944Lg0.020507492619Hfin0.0406505478783tox0.000792502909624WbR0.00368835877219WbL0.00363801858853Nfin5.82210441483e+18WF4.235
1.09169662036e-08 0.000128804034115 0.00722557377232 0.0200499893739 0.0435011137207 0.000771931068039 0.00373228610998 0.00412129609347 5.7794410826e+18 4.235 0.86 0.1634 0.000235290845753 0.0947494298022 Wt0.00722557377232Lg0.0200499893739Hfin0.0435011137207tox0.000771931068039WbR0.00373228610998WbL0.00412129609347Nfin5.7794410826e+18WF4.235
6.47129734105e-09 6.60090256445e-05 0.007462491601 0.0202822201522 0.0391275126306 0.000840684505845 0.00365088711499 0.00365270154266 6.12812594411e+18 4.235 0.86 0.1892 9.27222825222e-05 0.0894971143072 Wt0.007462491601Lg0.0202822201522Hfin0.0391275126306tox0.000840684505845WbR0.00365088711499WbL0.00365270154266Nfin6.12812594411e+18WF4.235
8.85238731999e-09 7.34324759123e-05 0.00638314822616 0.0203704680306 0.042559637375 0.000874445696466 0.00382855547712 0.00376152354992 5.75577235476e+18 4.235 0.86 0.172 0.000106137619666 0.0943847623186 Wt0.00638314822616Lg0.0203704680306Hfin0.042559637375tox0.000874445696466WbR0.00382855547712WbL0.00376152354992Nfin5.75577235476e+18WF4.235
9.60971595489e-09 0.000132623111943 0.00802293443428 0.0200363126467 0.0444916913512 0.000773761791148 0.00406129213122 0.00400328133862 6.11930118129e+18 4.235 0.86 0.172 0.000244067324971 0.0916699860566 Wt0.00802293443428Lg0.0200363126467Hfin0.0444916913512tox0.000773761791148WbR0.00406129213122WbL0.00400328133862Nfin6.11930118129e+18WF4.235
2.24870661753e-08 0.000124538849718 0.0071545226329 0.0193395610854 0.0407580402326 0.000770794005848 0.00404394439755 0.00355358872547 5.79282666071e+18 4.235 0.86 0.1548 0.000223639738886 0.117936754303 Wt0.0071545226329Lg0.0193395610854Hfin0.0407580402326tox0.000770794005848WbR0.00404394439755WbL0.00355358872547Nfin5.79282666071e+18WF4.235
1.07411510024e-08 0.000111153575015 0.00743358092372 0.0201538182781 0.0425995834864 0.000784228578436 0.00352200753707 0.0040506023507 5.73565580278e+18 4.235 0.86 0.172 0.000180311275906 0.0951406762614 Wt0.00743358092372Lg0.0201538182781Hfin0.0425995834864tox0.000784228578436WbR0.00352200753707WbL0.0040506023507Nfin5.73565580278e+18WF4.235
9.6063378883e-09 9.88090273171e-05 0.00768156905607 0.0207362939519 0.0422312400781 0.000773331169392 0.0039840462905 0.00428512234822 5.69034245639e+18 4.235 0.86 0.172 0.000163356721435 0.091711230494 Wt0.00768156905607Lg0.0207362939519Hfin0.0422312400781tox0.000773331169392WbR0.0039840462905WbL0.00428512234822Nfin5.69034245639e+18WF4.235
1.42436673772e-08 0.000129252511598 0.0072250217181 0.0190626713999 0.0451256286527 0.00079291756657 0.00357085166715 0.00369696578526 6.72166999143e+18 4.235 0.86 0.1634 0.000237676128427 0.103287670769 Wt0.0072250217181Lg0.0190626713999Hfin0.0451256286527tox0.00079291756657WbR0.00357085166715WbL0.00369696578526Nfin6.72166999143e+18WF4.235
6.92064453535e-09 9.98303621545e-05 0.00738173962482 0.0208346103298 0.0452020455845 0.000836823855268 0.00358954188826 0.00392212400932 6.02125526922e+18 4.235 0.86 0.1806 0.00017233439011 0.0886867358943 Wt0.00738173962482Lg0.0208346103298Hfin0.0452020455845tox0.000836823855268WbR0.00358954188826WbL0.00392212400932Nfin6.02125526922e+18WF4.235
1.37016354949e-08 0.000139266263467 0.00697934331957 0.0199431458587 0.0445232229192 0.000737292080464 0.00381836612325 0.00387581939674 5.68361296871e+18 4.235 0.86 0.1634 0.000252201923634 0.0975607148327 Wt0.00697934331957Lg0.0199431458587Hfin0.0445232229192tox0.000737292080464WbR0.00381836612325WbL0.00387581939674Nfin5.68361296871e+18WF4.235
8.48693720377e-09 0.000123322666845 0.00747707014351 0.0213606132283 0.0484086764862 0.000812182710714 0.00402713033433 0.0036936186277 5.6884436809e+18 4.235 0.86 0.172 0.000219292351166 0.0892523302299 Wt0.00747707014351Lg0.0213606132283Hfin0.0484086764862tox0.000812182710714WbR0.00402713033433WbL0.0036936186277Nfin5.6884436809e+18WF4.235
8.02819639996e-09 0.000110244474221 0.00716427863374 0.0200613901624 0.0428975099678 0.000761471966401 0.0037583005706 0.00358688191867 6.18937683298e+18 4.235 0.86 0.172 0.000178502071064 0.0889167716662 Wt0.00716427863374Lg0.0200613901624Hfin0.0428975099678tox0.000761471966401WbR0.0037583005706WbL0.00358688191867Nfin6.18937683298e+18WF4.235
1.70362342017e-08 0.000114117771273 0.0075745297563 0.0191596206555 0.0397919913425 0.000835188798121 0.00382003715039 0.00402673984493 6.31587017339e+18 4.235 0.86 0.1634 0.000207491875068 0.111988915767 Wt0.0075745297563Lg0.0191596206555Hfin0.0397919913425tox0.000835188798121WbR0.00382003715039WbL0.00402673984493Nfin6.31587017339e+18WF4.235
2.9851654726e-08 0.000134209684296 0.00781758458938 0.0188474885388 0.0412238960299 0.000742278357399 0.00390779845709 0.00402816140332 5.8577284037e+18 4.235 0.86 0.1462 0.000237627000722 0.126430936725 Wt0.00781758458938Lg0.0188474885388Hfin0.0412238960299tox0.000742278357399WbR0.00390779845709WbL0.00402816140332Nfin5.8577284037e+18WF4.235
7.4950612978e-09 0.000102127627059 0.00759056125961 0.0206742011271 0.0431787418062 0.000739349012858 0.00379393801808 0.00396317726079 6.1448725217e+18 4.235 0.86 0.172 0.000169568408658 0.0858167605839 Wt0.00759056125961Lg0.0206742011271Hfin0.0431787418062tox0.000739349012858WbR0.00379393801808WbL0.00396317726079Nfin6.1448725217e+18WF4.235
5.83550553268e-09 0.000105548016697 0.00794196234255 0.0210825851465 0.0411769600301 0.000781797151533 0.00366093862671 0.00400535302942 6.16960451488e+18 4.235 0.86 0.1806 0.000182866222709 0.0838180875402 Wt0.00794196234255Lg0.0210825851465Hfin0.0411769600301tox0.000781797151533WbR0.00366093862671WbL0.00400535302942Nfin6.16960451488e+18WF4.235
1.02151290009e-08 0.000116774803144 0.00835549782193 0.0213261421559 0.0400466090261 0.000743149014836 0.00376753543301 0.00344661551106 5.311585618e+18 4.235 0.86 0.1634 0.000202643221853 0.0918575192177 Wt0.00835549782193Lg0.0213261421559Hfin0.0400466090261tox0.000743149014836WbR0.00376753543301WbL0.00344661551106Nfin5.311585618e+18WF4.235
1.84389581819e-08 0.000141747412254 0.0074957117701 0.0198688190668 0.0452500530631 0.000739314921748 0.00365927868589 0.00411772934401 5.42620217054e+18 4.235 0.86 0.1548 0.000254664208728 0.105941911803 Wt0.0074957117701Lg0.0198688190668Hfin0.0452500530631tox0.000739314921748WbR0.00365927868589WbL0.00411772934401Nfin5.42620217054e+18WF4.235
1.01205586555e-08 8.79449714429e-05 0.0081705791478 0.0201066162014 0.0383925526274 0.000832548150936 0.00399687729653 0.00356994857265 5.72843736957e+18 4.235 0.86 0.172 0.000134751398352 0.0974719583224 Wt0.0081705791478Lg0.0201066162014Hfin0.0383925526274tox0.000832548150936WbR0.00399687729653WbL0.00356994857265Nfin5.72843736957e+18WF4.235
1.72317099674e-08 0.000115027055045 0.00754739445039 0.0189283724854 0.0392208236415 0.000814672127995 0.00401139136819 0.00387502030365 6.39477870801e+18 4.235 0.86 0.1634 0.000208728119711 0.11194270347 Wt0.00754739445039Lg0.0189283724854Hfin0.0392208236415tox0.000814672127995WbR0.00401139136819WbL0.00387502030365Nfin6.39477870801e+18WF4.235
1.47805740796e-08 0.000129016435651 0.00761417947125 0.0198663794371 0.0416060073533 0.000769250394476 0.00383629986147 0.0040113471603 5.72323135495e+18 4.235 0.86 0.1634 0.000231674590097 0.10089535418 Wt0.00761417947125Lg0.0198663794371Hfin0.0416060073533tox0.000769250394476WbR0.00383629986147WbL0.0040113471603Nfin5.72323135495e+18WF4.235
7.69674947778e-09 6.93227816714e-05 0.00730061299189 0.0202386318682 0.0413755455243 0.000806529093284 0.00378368873931 0.00351805179225 6.04050522704e+18 4.235 0.86 0.1806 9.27329469854e-05 0.0911565266553 Wt0.00730061299189Lg0.0202386318682Hfin0.0413755455243tox0.000806529093284WbR0.00378368873931WbL0.00351805179225Nfin6.04050522704e+18WF4.235
1.77732314782e-08 0.000125917710289 0.00734358967029 0.0195820880484 0.0420262609677 0.000778099255126 0.00410054352625 0.00360068744627 6.08350565268e+18 4.235 0.86 0.1634 0.000227968501202 0.10937753404 Wt0.00734358967029Lg0.0195820880484Hfin0.0420262609677tox0.000778099255126WbR0.00410054352625WbL0.00360068744627Nfin6.08350565268e+18WF4.235
5.06402985585e-09 0.000102838108236 0.0073830356698 0.0211522603084 0.0412161603594 0.000806100645454 0.00388295206826 0.00386125382084 6.2017526688e+18 4.235 0.86 0.1892 0.00018359102647 0.0837313044378 Wt0.0073830356698Lg0.0211522603084Hfin0.0412161603594tox0.000806100645454WbR0.00388295206826WbL0.00386125382084Nfin6.2017526688e+18WF4.235
1.40727510963e-08 0.000127731906926 0.00695419119321 0.0192690273209 0.0411598458761 0.000744275897485 0.004067194819 0.00350272990191 6.46060797902e+18 4.235 0.86 0.1634 0.000232662999087 0.102681246201 Wt0.00695419119321Lg0.0192690273209Hfin0.0411598458761tox0.000744275897485WbR0.004067194819WbL0.00350272990191Nfin6.46060797902e+18WF4.235
9.32331886723e-09 6.59543335923e-05 0.00737914017335 0.0202849904437 0.039192242724 0.00085851646854 0.00398552197094 0.00362122804422 5.64676022801e+18 4.235 0.86 0.1806 9.03648606424e-05 0.0974240694395 Wt0.00737914017335Lg0.0202849904437Hfin0.039192242724tox0.00085851646854WbR0.00398552197094WbL0.00362122804422Nfin5.64676022801e+18WF4.235
4.88839924572e-09 0.000111331093564 0.00718536746066 0.0212096372093 0.0420496739868 0.000766710468909 0.00378307623383 0.00403972562898 6.32090907377e+18 4.235 0.86 0.1892 0.000200349337289 0.0824796033623 Wt0.00718536746066Lg0.0212096372093Hfin0.0420496739868tox0.000766710468909WbR0.00378307623383WbL0.00403972562898Nfin6.32090907377e+18WF4.235
5.30002247721e-09 0.000102646626938 0.0073760014182 0.0212312843665 0.0378161191125 0.000767772235962 0.00356823020558 0.00338384015041 6.03982446066e+18 4.235 0.86 0.1806 0.000184382039275 0.0835846606741 Wt0.0073760014182Lg0.0212312843665Hfin0.0378161191125tox0.000767772235962WbR0.00356823020558WbL0.00338384015041Nfin6.03982446066e+18WF4.235
2.58003582809e-08 0.000129115496473 0.00726641323148 0.0193020632486 0.042337246182 0.000776041893233 0.00406796951071 0.00358279665551 5.74546943579e+18 4.235 0.86 0.1548 0.000230820663598 0.123153664277 Wt0.00726641323148Lg0.0193020632486Hfin0.042337246182tox0.000776041893233WbR0.00406796951071WbL0.00358279665551Nfin5.74546943579e+18WF4.235
1.05727989966e-08 0.000100192545965 0.00761446526545 0.0200738783162 0.0410858087807 0.000710125253278 0.00383469525145 0.00376010953623 5.85725868422e+18 4.235 0.86 0.1634 0.000151763395809 0.0915079852544 Wt0.00761446526545Lg0.0200738783162Hfin0.0410858087807tox0.000710125253278WbR0.00383469525145WbL0.00376010953623Nfin5.85725868422e+18WF4.235
1.05516205571e-08 0.000117467713375 0.0074718321776 0.0200941459445 0.0475584344537 0.000802590566088 0.00409014429208 0.00390761304282 5.95709734314e+18 4.235 0.86 0.172 0.000189503627706 0.0945719210577 Wt0.0074718321776Lg0.0200941459445Hfin0.0475584344537tox0.000802590566088WbR0.00409014429208WbL0.00390761304282Nfin5.95709734314e+18WF4.235
2.83139553199e-08 0.000128268976272 0.00777805191291 0.0188434900365 0.0439313225588 0.000819155336683 0.00392145509972 0.00345870233834 6.00172366924e+18 4.235 0.86 0.1548 0.0002294295272 0.128555508314 Wt0.00777805191291Lg0.0188434900365Hfin0.0439313225588tox0.000819155336683WbR0.00392145509972WbL0.00345870233834Nfin6.00172366924e+18WF4.235
8.57659945373e-09 7.57523469344e-05 0.00717175001506 0.020268427868 0.0427897503947 0.000797356329969 0.00392809856496 0.00388731356956 5.96029327776e+18 4.235 0.86 0.172 0.000106329549874 0.0916715401924 Wt0.00717175001506Lg0.020268427868Hfin0.0427897503947tox0.000797356329969WbR0.00392809856496WbL0.00388731356956Nfin5.96029327776e+18WF4.235
1.30700196341e-08 0.0001132317185 0.00754785386103 0.0197392959685 0.0409181406719 0.000860299752535 0.00366058817678 0.00383994834439 6.39429176345e+18 4.235 0.86 0.172 0.000207694430724 0.103765669887 Wt0.00754785386103Lg0.0197392959685Hfin0.0409181406719tox0.000860299752535WbR0.00366058817678WbL0.00383994834439Nfin6.39429176345e+18WF4.235
1.14714934232e-08 7.8430242193e-05 0.00766505478008 0.0203620377161 0.041934765311 0.000824282236723 0.0039619914995 0.0038835185328 5.5725919743e+18 4.235 0.86 0.1634 0.000110610225577 0.0975467362168 Wt0.00766505478008Lg0.0203620377161Hfin0.041934765311tox0.000824282236723WbR0.0039619914995WbL0.0038835185328Nfin5.5725919743e+18WF4.235
1.15144479045e-08 8.01421761598e-05 0.00739438847178 0.0204018461045 0.0424027158096 0.000823433901219 0.00376559583597 0.00376709305541 5.48883278881e+18 4.235 0.86 0.172 0.000121073393859 0.0980599494145 Wt0.00739438847178Lg0.0204018461045Hfin0.0424027158096tox0.000823433901219WbR0.00376559583597WbL0.00376709305541Nfin5.48883278881e+18WF4.235
1.02598661713e-08 0.000121910034019 0.00786948205903 0.0198184667205 0.0442555078108 0.000842916340174 0.0036650737224 0.00407452152185 6.26899188373e+18 4.235 0.86 0.172 0.000225008444213 0.0953055298112 Wt0.00786948205903Lg0.0198184667205Hfin0.0442555078108tox0.000842916340174WbR0.0036650737224WbL0.00407452152185Nfin6.26899188373e+18WF4.235
7.2155505411e-09 8.95848088864e-05 0.00761406493948 0.0207240286222 0.0397928764423 0.000808326989272 0.00357601794996 0.00403270015285 5.92586590509e+18 4.235 0.86 0.1806 0.000148499624381 0.0887669511616 Wt0.00761406493948Lg0.0207240286222Hfin0.0397928764423tox0.000808326989272WbR0.00357601794996WbL0.00403270015285Nfin5.92586590509e+18WF4.235
6.41782014481e-09 7.22297264557e-05 0.00772973307807 0.0202977302496 0.0419792005756 0.000838980908433 0.00396803400561 0.00367884861967 6.36035167394e+18 4.235 0.86 0.1806 9.873164432e-05 0.0882889758146 Wt0.00772973307807Lg0.0202977302496Hfin0.0419792005756tox0.000838980908433WbR0.00396803400561WbL0.00367884861967Nfin6.36035167394e+18WF4.235
3.24260973425e-08 0.000123636661349 0.00713235427348 0.0186535246023 0.0410608689664 0.000787704428548 0.00394805247297 0.0039215141242 5.72311020121e+18 4.235 0.86 0.1462 0.000220887061158 0.137383523907 Wt0.00713235427348Lg0.0186535246023Hfin0.0410608689664tox0.000787704428548WbR0.00394805247297WbL0.0039215141242Nfin5.72311020121e+18WF4.235
7.89918162097e-09 0.000116821463368 0.00695271703086 0.0198847754159 0.0410100935077 0.000799958459457 0.00378873042211 0.00380118891047 6.32369253262e+18 4.235 0.86 0.1806 0.000216274681534 0.0913185167788 Wt0.00695271703086Lg0.0198847754159Hfin0.0410100935077tox0.000799958459457WbR0.00378873042211WbL0.00380118891047Nfin6.32369253262e+18WF4.235
7.36717078251e-09 0.000108094173828 0.00771427351437 0.021074301828 0.0436621154356 0.000810077439977 0.00385520951663 0.00361717371478 5.90147978764e+18 4.235 0.86 0.172 0.000185468899753 0.0881854157747 Wt0.00771427351437Lg0.021074301828Hfin0.0436621154356tox0.000810077439977WbR0.00385520951663WbL0.00361717371478Nfin5.90147978764e+18WF4.235
9.49066404666e-09 8.90640224241e-05 0.00758443684826 0.0205193574496 0.043536057632 0.000805653473961 0.00377772911791 0.00399672790577 5.79995818963e+18 4.235 0.86 0.172 0.000137920912823 0.0919462466636 Wt0.00758443684826Lg0.0205193574496Hfin0.043536057632tox0.000805653473961WbR0.00377772911791WbL0.00399672790577Nfin5.79995818963e+18WF4.235
6.15800020647e-09 0.000103937408567 0.0073985332016 0.0211285922246 0.0427599784173 0.000826315721257 0.00408235297808 0.00351249098169 5.99314236575e+18 4.235 0.86 0.1806 0.00018402186601 0.0865176190227 Wt0.0073985332016Lg0.0211285922246Hfin0.0427599784173tox0.000826315721257WbR0.00408235297808WbL0.00351249098169Nfin5.99314236575e+18WF4.235
7.1087142124e-09 0.000104475517686 0.00767386007639 0.0210250199722 0.042102895499 0.00079517443232 0.00409386268349 0.00380037965121 5.93931344998e+18 4.235 0.86 0.172 0.000178535170658 0.0866256365796 Wt0.00767386007639Lg0.0210250199722Hfin0.042102895499tox0.00079517443232WbR0.00409386268349WbL0.00380037965121Nfin5.93931344998e+18WF4.235
2.54681379939e-08 0.000118933659998 0.00794185083864 0.0187604601579 0.0388709691704 0.000790511562537 0.00395255313899 0.00384779856274 6.01437108146e+18 4.235 0.86 0.1548 0.000212976964662 0.126156737229 Wt0.00794185083864Lg0.0187604601579Hfin0.0388709691704tox0.000790511562537WbR0.00395255313899WbL0.00384779856274Nfin6.01437108146e+18WF4.235
2.9305334344e-08 0.000134503088238 0.00815666613866 0.0188933732544 0.0429425813693 0.000772367327873 0.00330393887764 0.00390988983522 5.96830670299e+18 4.235 0.86 0.1462 0.000240225516038 0.126329088792 Wt0.00815666613866Lg0.0188933732544Hfin0.0429425813693tox0.000772367327873WbR0.00330393887764WbL0.00390988983522Nfin5.96830670299e+18WF4.235
1.04974360873e-08 7.61346000864e-05 0.00819153717209 0.0202908482276 0.0418366465991 0.000788992969884 0.00386548963435 0.003844151573 5.76771603261e+18 4.235 0.86 0.172 0.000103204271433 0.0947180391864 Wt0.00819153717209Lg0.0202908482276Hfin0.0418366465991tox0.000788992969884WbR0.00386548963435WbL0.003844151573Nfin5.76771603261e+18WF4.235
3.46730555518e-09 0.000101343892862 0.00758724594007 0.0214222621748 0.0412065406424 0.00085189932987 0.00373304568394 0.0037863210668 6.67435704464e+18 4.235 0.86 0.1978 0.000181661553434 0.0801355699288 Wt0.00758724594007Lg0.0214222621748Hfin0.0412065406424tox0.00085189932987WbR0.00373304568394WbL0.0037863210668Nfin6.67435704464e+18WF4.235
3.65944765148e-08 0.00012425441583 0.00722802147155 0.0179056335244 0.0423535334749 0.000797260206166 0.00382449421745 0.00371311158088 6.06643108739e+18 4.235 0.86 0.1462 0.000221923784654 0.143512928062 Wt0.00722802147155Lg0.0179056335244Hfin0.0423535334749tox0.000797260206166WbR0.00382449421745WbL0.00371311158088Nfin6.06643108739e+18WF4.235
5.08966089948e-09 0.000110387850915 0.00708161460041 0.0219268750801 0.03948398724 0.00078390034666 0.00401455397158 0.00401920435607 5.84660167494e+18 4.235 0.86 0.1806 0.000204875783169 0.0831433466157 Wt0.00708161460041Lg0.0219268750801Hfin0.03948398724tox0.00078390034666WbR0.00401455397158WbL0.00401920435607Nfin5.84660167494e+18WF4.235
3.46396756828e-08 0.000124073666253 0.00777173558419 0.0182514965947 0.0402072684374 0.000789387219558 0.0035727169275 0.00370778405323 5.90013096474e+18 4.235 0.86 0.1462 0.000219930533921 0.140258808629 Wt0.00777173558419Lg0.0182514965947Hfin0.0402072684374tox0.000789387219558WbR0.0035727169275WbL0.00370778405323Nfin5.90013096474e+18WF4.235
6.79703832631e-09 7.17144079293e-05 0.00773286373138 0.0204434944626 0.0382893887563 0.000858740381376 0.00399514936245 0.00388856126222 6.02807844888e+18 4.235 0.86 0.1806 0.000106546377169 0.0911127857045 Wt0.00773286373138Lg0.0204434944626Hfin0.0382893887563tox0.000858740381376WbR0.00399514936245WbL0.00388856126222Nfin6.02807844888e+18WF4.235
4.60150471508e-09 0.000101177919055 0.00726570999359 0.021142241514 0.039051983869 0.000778722465131 0.0036128639266 0.00396039198223 6.2794596506e+18 4.235 0.86 0.1892 0.000181888961778 0.0827430690488 Wt0.00726570999359Lg0.021142241514Hfin0.039051983869tox0.000778722465131WbR0.0036128639266WbL0.00396039198223Nfin6.2794596506e+18WF4.235
