Ioff Ion Wt Lg Hfin tox WbR WbL Nfin WF vd Vth gmax SS filename
2.45054841653e-09 7.84680750528e-05 0.00758767973627 0.0216327519173 0.0405855889732 0.00075322375517 0.00370328714891 0.00358957003879 5.45895873919e+18 4.235 0.05 0.1978 0.000109354904716 0.0748118672359 Wt0.00758767973627Lg0.0216327519173Hfin0.0405855889732tox0.00075322375517WbR0.00370328714891WbL0.00358957003879Nfin5.45895873919e+18WF4.235
3.74172859468e-09 8.13124292567e-05 0.00772551352157 0.0180523402586 0.044638975232 0.000842228564407 0.00363380017817 0.00360460671384 6.03438918881e+18 4.235 0.05 0.1978 0.000119141220978 0.0834885905146 Wt0.00772551352157Lg0.0180523402586Hfin0.044638975232tox0.000842228564407WbR0.00363380017817WbL0.00360460671384Nfin6.03438918881e+18WF4.235
2.98948588618e-09 7.53731799444e-05 0.00676747916416 0.0192156431628 0.0428092393248 0.000772430542288 0.00373603254237 0.00388606087506 6.11453161037e+18 4.235 0.05 0.1978 0.00010095437455 0.0795397581474 Wt0.00676747916416Lg0.0192156431628Hfin0.0428092393248tox0.000772430542288WbR0.00373603254237WbL0.00388606087506Nfin6.11453161037e+18WF4.235
2.31475658593e-09 6.93679556764e-05 0.00776757649031 0.020275104709 0.0426688840145 0.0007695279173 0.00346282298061 0.00369078726887 5.88065704479e+18 4.235 0.05 0.2064 8.11139500062e-05 0.0751905028621 Wt0.00776757649031Lg0.020275104709Hfin0.0426688840145tox0.0007695279173WbR0.00346282298061WbL0.00369078726887Nfin5.88065704479e+18WF4.235
1.40318664824e-09 6.99182011827e-05 0.00843303220967 0.021009793785 0.0417460156985 0.000843432637765 0.00384819978999 0.00385485917942 6.04454203618e+18 4.235 0.05 0.2236 0.000105407253932 0.0742155159556 Wt0.00843303220967Lg0.021009793785Hfin0.0417460156985tox0.000843432637765WbR0.00384819978999WbL0.00385485917942Nfin6.04454203618e+18WF4.235
1.49501162105e-09 7.43981560419e-05 0.00817760993909 0.020864800435 0.0408985301421 0.000751084982928 0.00394567684394 0.00408926813735 6.33157921152e+18 4.235 0.05 0.215 0.000107059966752 0.0724925621601 Wt0.00817760993909Lg0.020864800435Hfin0.0408985301421tox0.000751084982928WbR0.00394567684394WbL0.00408926813735Nfin6.33157921152e+18WF4.235
1.64899975094e-09 6.77457957407e-05 0.00807230812119 0.0205732937948 0.0398940887712 0.000816544615735 0.00358443145541 0.00355755840777 6.02371855048e+18 4.235 0.05 0.215 9.53976898649e-05 0.0746207162056 Wt0.00807230812119Lg0.0205732937948Hfin0.0398940887712tox0.000816544615735WbR0.00358443145541WbL0.00355755840777Nfin6.02371855048e+18WF4.235
1.54305429959e-09 6.82193791467e-05 0.00708161460041 0.0219268750801 0.03948398724 0.00078390034666 0.00401455397158 0.00401920435607 5.84660167494e+18 4.235 0.05 0.215 9.57042205962e-05 0.0726781540726 Wt0.00708161460041Lg0.0219268750801Hfin0.03948398724tox0.00078390034666WbR0.00401455397158WbL0.00401920435607Nfin5.84660167494e+18WF4.235
4.39953434994e-09 8.28335484852e-05 0.00755277923393 0.0181502017065 0.0429262715468 0.000803122202568 0.00390680248689 0.00381041394782 5.7938390929e+18 4.235 0.05 0.1978 0.000117345606849 0.0837818115502 Wt0.00755277923393Lg0.0181502017065Hfin0.0429262715468tox0.000803122202568WbR0.00390680248689WbL0.00381041394782Nfin5.7938390929e+18WF4.235
1.4937250419e-09 6.01893846273e-05 0.00773286373138 0.0204434944626 0.0382893887563 0.000858740381376 0.00399514936245 0.00388856126222 6.02807844888e+18 4.235 0.05 0.2236 8.1979206845e-05 0.0749206638577 Wt0.00773286373138Lg0.0204434944626Hfin0.0382893887563tox0.000858740381376WbR0.00399514936245WbL0.00388856126222Nfin6.02807844888e+18WF4.235
3.65628359608e-09 7.95025090645e-05 0.00737511369545 0.018760788909 0.0446600799 0.000795325237482 0.00382401150153 0.00370226401802 5.82413322596e+18 4.235 0.05 0.1978 0.000109521881688 0.0826098393609 Wt0.00737511369545Lg0.018760788909Hfin0.0446600799tox0.000795325237482WbR0.00382401150153WbL0.00370226401802Nfin5.82413322596e+18WF4.235
2.84416257565e-09 6.57215154669e-05 0.00778920762389 0.0198598618555 0.0430031397537 0.000759842543775 0.00329260512915 0.00371585026745 5.84556665078e+18 4.235 0.05 0.1978 7.60950068444e-05 0.0773193669263 Wt0.00778920762389Lg0.0198598618555Hfin0.0430031397537tox0.000759842543775WbR0.00329260512915WbL0.00371585026745Nfin5.84556665078e+18WF4.235
1.97137318675e-09 7.18210329938e-05 0.00783501353506 0.021010449048 0.0406108023552 0.000820847335543 0.00361985977702 0.00360183853986 5.68176848815e+18 4.235 0.05 0.2064 0.000104322714517 0.0751152897499 Wt0.00783501353506Lg0.021010449048Hfin0.0406108023552tox0.000820847335543WbR0.00361985977702WbL0.00360183853986Nfin5.68176848815e+18WF4.235
1.64310063244e-09 6.23287250862e-05 0.00710106474112 0.020212872717 0.0455955236938 0.000851818402602 0.00396636572487 0.00378118181084 6.16824097447e+18 4.235 0.05 0.215 7.18830059141e-05 0.0748680731872 Wt0.00710106474112Lg0.020212872717Hfin0.0455955236938tox0.000851818402602WbR0.00396636572487WbL0.00378118181084Nfin6.16824097447e+18WF4.235
1.43140248921e-09 5.64009259453e-05 0.007462491601 0.0202822201522 0.0391275126306 0.000840684505845 0.00365088711499 0.00365270154266 6.12812594411e+18 4.235 0.05 0.2236 7.06920960485e-05 0.0747192279033 Wt0.007462491601Lg0.0202822201522Hfin0.0391275126306tox0.000840684505845WbR0.00365088711499WbL0.00365270154266Nfin6.12812594411e+18WF4.235
1.53799360285e-09 6.63196395664e-05 0.0073760014182 0.0212312843665 0.0378161191125 0.000767772235962 0.00356823020558 0.00338384015041 6.03982446066e+18 4.235 0.05 0.215 9.12212423165e-05 0.0735763408298 Wt0.0073760014182Lg0.0212312843665Hfin0.0378161191125tox0.000767772235962WbR0.00356823020558WbL0.00338384015041Nfin6.03982446066e+18WF4.235
2.49670302933e-09 7.14317601749e-05 0.00771863749643 0.0186453698154 0.0393382965161 0.000829147222855 0.00369730970586 0.00367684260888 6.32489291225e+18 4.235 0.05 0.215 0.000104614102964 0.0801093644016 Wt0.00771863749643Lg0.0186453698154Hfin0.0393382965161tox0.000829147222855WbR0.00369730970586WbL0.00367684260888Nfin6.32489291225e+18WF4.235
2.39139130152e-09 7.36935058628e-05 0.0077334134287 0.0197536005908 0.0440702099354 0.00077982300515 0.00386266720947 0.00400175953286 6.37783321068e+18 4.235 0.05 0.2064 9.14655245823e-05 0.0772008439547 Wt0.0077334134287Lg0.0197536005908Hfin0.0440702099354tox0.00077982300515WbR0.00386266720947WbL0.00400175953286Nfin6.37783321068e+18WF4.235
1.76982880457e-09 6.44237022343e-05 0.00668398757666 0.0209628843843 0.0375595426925 0.000793652670818 0.00376894409608 0.00384771388116 5.84819657985e+18 4.235 0.05 0.215 8.88919490226e-05 0.0744599115606 Wt0.00668398757666Lg0.0209628843843Hfin0.0375595426925tox0.000793652670818WbR0.00376894409608WbL0.00384771388116Nfin5.84819657985e+18WF4.235
1.74299518953e-09 6.8179021329e-05 0.00732563517087 0.020063930492 0.0406359997264 0.000798404144653 0.0039976199424 0.00404026773636 6.04190590237e+18 4.235 0.05 0.215 8.96138281063e-05 0.0749788604785 Wt0.00732563517087Lg0.020063930492Hfin0.0406359997264tox0.000798404144653WbR0.0039976199424WbL0.00404026773636Nfin6.04190590237e+18WF4.235
2.82715262799e-09 7.31204361876e-05 0.00740517169247 0.0179342823678 0.0414746649975 0.000814844223723 0.00360547619051 0.00388254793986 6.3484289177e+18 4.235 0.05 0.2064 0.000103556653638 0.0822241674994 Wt0.00740517169247Lg0.0179342823678Hfin0.0414746649975tox0.000814844223723WbR0.00360547619051WbL0.00388254793986Nfin6.3484289177e+18WF4.235
2.41027089972e-09 7.39765258221e-05 0.00695419119321 0.0192690273209 0.0411598458761 0.000744275897485 0.004067194819 0.00350272990191 6.46060797902e+18 4.235 0.05 0.2064 9.96636973407e-05 0.0771485120459 Wt0.00695419119321Lg0.0192690273209Hfin0.0411598458761tox0.000744275897485WbR0.004067194819WbL0.00350272990191Nfin6.46060797902e+18WF4.235
3.7228124649e-09 7.07322063333e-05 0.00797717905869 0.0197656613502 0.0413024658021 0.000790044769936 0.00360351836523 0.00378757858888 5.50024114033e+18 4.235 0.05 0.1978 8.45762795455e-05 0.0810253142398 Wt0.00797717905869Lg0.0197656613502Hfin0.0413024658021tox0.000790044769936WbR0.00360351836523WbL0.00378757858888Nfin5.50024114033e+18WF4.235
1.87258656569e-09 7.31103951806e-05 0.0075012476883 0.021082346885 0.0406775263462 0.000801251541066 0.00363968995925 0.00342477871455 5.90558495184e+18 4.235 0.05 0.2064 0.000105503142932 0.0743608555514 Wt0.0075012476883Lg0.021082346885Hfin0.0406775263462tox0.000801251541066WbR0.00363968995925WbL0.00342477871455Nfin5.90558495184e+18WF4.235
2.84734266697e-09 6.34242016743e-05 0.00761417947125 0.0198663794371 0.0416060073533 0.000769250394476 0.00383629986147 0.0040113471603 5.72323135495e+18 4.235 0.05 0.1978 7.39847563125e-05 0.077648925553 Wt0.00761417947125Lg0.0198663794371Hfin0.0416060073533tox0.000769250394476WbR0.00383629986147WbL0.0040113471603Nfin5.72323135495e+18WF4.235
2.17331529511e-09 6.72466158755e-05 0.00819153717209 0.0202908482276 0.0418366465991 0.000788992969884 0.00386548963435 0.003844151573 5.76771603261e+18 4.235 0.05 0.2064 8.09532115881e-05 0.0755159007215 Wt0.00819153717209Lg0.0202908482276Hfin0.0418366465991tox0.000788992969884WbR0.00386548963435WbL0.003844151573Nfin5.76771603261e+18WF4.235
3.0727155652e-09 7.18380673419e-05 0.00712711871158 0.0192191086401 0.0418871650292 0.000809246944513 0.0034899592983 0.00389700195027 5.8842258115e+18 4.235 0.05 0.2064 9.78198155393e-05 0.0805653993958 Wt0.00712711871158Lg0.0192191086401Hfin0.0418871650292tox0.000809246944513WbR0.0034899592983WbL0.00389700195027Nfin5.8842258115e+18WF4.235
1.75906020626e-09 6.03312863832e-05 0.00730061299189 0.0202386318682 0.0413755455243 0.000806529093284 0.00378368873931 0.00351805179225 6.04050522704e+18 4.235 0.05 0.215 7.10784107504e-05 0.0748344667134 Wt0.00730061299189Lg0.0202386318682Hfin0.0413755455243tox0.000806529093284WbR0.00378368873931WbL0.00351805179225Nfin6.04050522704e+18WF4.235
1.57087683453e-09 6.93054801146e-05 0.00768359472714 0.02006295268 0.0419118253584 0.000764436950325 0.00374395304722 0.0040004310254 6.59390184361e+18 4.235 0.05 0.215 8.02979983835e-05 0.0736374383423 Wt0.00768359472714Lg0.02006295268Hfin0.0419118253584tox0.000764436950325WbR0.00374395304722WbL0.0040004310254Nfin6.59390184361e+18WF4.235
1.78354344592e-09 6.97688134492e-05 0.00673079976637 0.0201320484844 0.0439209305777 0.000838327566819 0.00376425979981 0.00379543453362 6.14186476082e+18 4.235 0.05 0.215 9.40495962018e-05 0.0749558169421 Wt0.00673079976637Lg0.0201320484844Hfin0.0439209305777tox0.000838327566819WbR0.00376425979981WbL0.00379543453362Nfin6.14186476082e+18WF4.235
3.5330271793e-09 7.26195129417e-05 0.0073009239269 0.0192158502155 0.0415941326214 0.000806383431823 0.00376368213978 0.00393160599127 5.61268715472e+18 4.235 0.05 0.1978 9.89008582585e-05 0.0826273301342 Wt0.0073009239269Lg0.0192158502155Hfin0.0415941326214tox0.000806383431823WbR0.00376368213978WbL0.00393160599127Nfin5.61268715472e+18WF4.235
1.27842603184e-09 6.97777438237e-05 0.00745427501895 0.0217345995079 0.0423097913845 0.000801486706394 0.0039771591817 0.00378684104124 6.18504859702e+18 4.235 0.05 0.2236 9.99014096711e-05 0.0722482198893 Wt0.00745427501895Lg0.0217345995079Hfin0.0423097913845tox0.000801486706394WbR0.0039771591817WbL0.00378684104124Nfin6.18504859702e+18WF4.235
1.59864777887e-09 7.63312016403e-05 0.00845458000527 0.0212942382839 0.0419405372114 0.000784577145432 0.00366855945257 0.0036202050813 6.01205645726e+18 4.235 0.05 0.215 0.000112200351519 0.073714257869 Wt0.00845458000527Lg0.0212942382839Hfin0.0419405372114tox0.000784577145432WbR0.00366855945257WbL0.0036202050813Nfin6.01205645726e+18WF4.235
4.59078597158e-09 8.15085639815e-05 0.00711650023264 0.019089884451 0.0437036097932 0.000748382853925 0.00374271315217 0.00372853320667 5.48065190484e+18 4.235 0.05 0.1892 0.000107059876682 0.0829122998999 Wt0.00711650023264Lg0.019089884451Hfin0.0437036097932tox0.000748382853925WbR0.00374271315217WbL0.00372853320667Nfin5.48065190484e+18WF4.235
1.61713638613e-09 7.04928983565e-05 0.00741963718375 0.0209367338668 0.0439966368601 0.000831739697807 0.00386018426004 0.00350617770335 5.96729013428e+18 4.235 0.05 0.215 0.000101575255816 0.0744836472951 Wt0.00741963718375Lg0.0209367338668Hfin0.0439966368601tox0.000831739697807WbR0.00386018426004WbL0.00350617770335Nfin5.96729013428e+18WF4.235
1.9341418319e-09 7.3192745761e-05 0.00716427863374 0.0200613901624 0.0428975099678 0.000761471966401 0.0037583005706 0.00358688191867 6.18937683298e+18 4.235 0.05 0.2064 9.12734202132e-05 0.0744841004716 Wt0.00716427863374Lg0.0200613901624Hfin0.0428975099678tox0.000761471966401WbR0.0037583005706WbL0.00358688191867Nfin6.18937683298e+18WF4.235
2.07006295594e-09 7.7604680737e-05 0.0074718321776 0.0200941459445 0.0475584344537 0.000802590566088 0.00409014429208 0.00390761304282 5.95709734314e+18 4.235 0.05 0.2064 0.000101765814813 0.0754371016761 Wt0.0074718321776Lg0.0200941459445Hfin0.0475584344537tox0.000802590566088WbR0.00409014429208WbL0.00390761304282Nfin5.95709734314e+18WF4.235
3.4450760418e-09 7.7083002705e-05 0.00778825488297 0.0180146650803 0.0399248046846 0.000788365093345 0.00400025186274 0.00388060443548 6.10241483977e+18 4.235 0.05 0.1978 0.00010996364247 0.082605581204 Wt0.00778825488297Lg0.0180146650803Hfin0.0399248046846tox0.000788365093345WbR0.00400025186274WbL0.00388060443548Nfin6.10241483977e+18WF4.235
1.51935659955e-09 6.94626513356e-05 0.0073985332016 0.0211285922246 0.0427599784173 0.000826315721257 0.00408235297808 0.00351249098169 5.99314236575e+18 4.235 0.05 0.215 9.97931042065e-05 0.0741699684411 Wt0.0073985332016Lg0.0211285922246Hfin0.0427599784173tox0.000826315721257WbR0.00408235297808WbL0.00351249098169Nfin5.99314236575e+18WF4.235
1.8045526675e-09 6.91667165418e-05 0.00761406493948 0.0207240286222 0.0397928764423 0.000808326989272 0.00357601794996 0.00403270015285 5.92586590509e+18 4.235 0.05 0.215 9.87501738502e-05 0.0746718423944 Wt0.00761406493948Lg0.0207240286222Hfin0.0397928764423tox0.000808326989272WbR0.00357601794996WbL0.00403270015285Nfin5.92586590509e+18WF4.235
3.29212345868e-09 7.95137716892e-05 0.00777805191291 0.0188434900365 0.0439313225588 0.000819155336683 0.00392145509972 0.00345870233834 6.00172366924e+18 4.235 0.05 0.1978 0.000113745719482 0.080949422868 Wt0.00777805191291Lg0.0188434900365Hfin0.0439313225588tox0.000819155336683WbR0.00392145509972WbL0.00345870233834Nfin6.00172366924e+18WF4.235
3.05125624956e-09 7.3040393993e-05 0.00788599568593 0.0193286959533 0.0374985072952 0.000737304459667 0.00370596260536 0.00378817338045 5.95906645443e+18 4.235 0.05 0.1978 9.77841132688e-05 0.0794751487918 Wt0.00788599568593Lg0.0193286959533Hfin0.0374985072952tox0.000737304459667WbR0.00370596260536WbL0.00378817338045Nfin5.95906645443e+18WF4.235
2.05392134442e-09 6.18171941964e-05 0.00638314822616 0.0203704680306 0.042559637375 0.000874445696466 0.00382855547712 0.00376152354992 5.75577235476e+18 4.235 0.05 0.215 8.03203039367e-05 0.076866774555 Wt0.00638314822616Lg0.0203704680306Hfin0.042559637375tox0.000874445696466WbR0.00382855547712WbL0.00376152354992Nfin5.75577235476e+18WF4.235
3.34247140483e-09 6.72009247241e-05 0.00723500149675 0.0192446181603 0.0414471981722 0.000871341394188 0.00349525905222 0.00351820531421 5.58842419574e+18 4.235 0.05 0.2064 9.25149773071e-05 0.0832295020144 Wt0.00723500149675Lg0.0192446181603Hfin0.0414471981722tox0.000871341394188WbR0.00349525905222WbL0.00351820531421Nfin5.58842419574e+18WF4.235
2.65951710408e-09 7.34828234294e-05 0.00761446526545 0.0200738783162 0.0410858087807 0.000710125253278 0.00383469525145 0.00376010953623 5.85725868422e+18 4.235 0.05 0.1978 7.85993666762e-05 0.0750400642484 Wt0.00761446526545Lg0.0200738783162Hfin0.0410858087807tox0.000710125253278WbR0.00383469525145WbL0.00376010953623Nfin5.85725868422e+18WF4.235
2.35837961432e-09 8.01793174637e-05 0.00722557377232 0.0200499893739 0.0435011137207 0.000771931068039 0.00373228610998 0.00412129609347 5.7794410826e+18 4.235 0.05 0.2064 0.000111648325754 0.0765207985952 Wt0.00722557377232Lg0.0200499893739Hfin0.0435011137207tox0.000771931068039WbR0.00373228610998WbL0.00412129609347Nfin5.7794410826e+18WF4.235
1.33889344885e-09 6.79522735796e-05 0.0073830356698 0.0211522603084 0.0412161603594 0.000806100645454 0.00388295206826 0.00386125382084 6.2017526688e+18 4.235 0.05 0.2236 9.77517785428e-05 0.0727089784456 Wt0.0073830356698Lg0.0211522603084Hfin0.0412161603594tox0.000806100645454WbR0.00388295206826WbL0.00386125382084Nfin6.2017526688e+18WF4.235
2.74864012052e-09 7.51723247637e-05 0.00755623189506 0.0196060788407 0.042028488199 0.000758529376016 0.00363681212891 0.0038246619498 6.25377915835e+18 4.235 0.05 0.1978 9.72969082604e-05 0.0775834967592 Wt0.00755623189506Lg0.0196060788407Hfin0.042028488199tox0.000758529376016WbR0.00363681212891WbL0.0038246619498Nfin6.25377915835e+18WF4.235
1.55548715042e-09 7.40486768312e-05 0.00794196234255 0.0210825851465 0.0411769600301 0.000781797151533 0.00366093862671 0.00400535302942 6.16960451488e+18 4.235 0.05 0.215 0.00010772704292 0.0735947815499 Wt0.00794196234255Lg0.0210825851465Hfin0.0411769600301tox0.000781797151533WbR0.00366093862671WbL0.00400535302942Nfin6.16960451488e+18WF4.235
3.23432730706e-09 7.21225581926e-05 0.0071545226329 0.0193395610854 0.0407580402326 0.000770794005848 0.00404394439755 0.00355358872547 5.79282666071e+18 4.235 0.05 0.1978 9.6494477367e-05 0.0803590755598 Wt0.0071545226329Lg0.0193395610854Hfin0.0407580402326tox0.000770794005848WbR0.00404394439755WbL0.00355358872547Nfin5.79282666071e+18WF4.235
1.37980332565e-09 7.19813359498e-05 0.0074060236067 0.0201362916569 0.0463653684314 0.000840133091304 0.00420137573597 0.00391292981859 6.43283316615e+18 4.235 0.05 0.2236 0.000100473855942 0.07430024578 Wt0.0074060236067Lg0.0201362916569Hfin0.0463653684314tox0.000840133091304WbR0.00420137573597WbL0.00391292981859Nfin6.43283316615e+18WF4.235
1.99877829095e-09 6.39457919839e-05 0.00784254930356 0.020270592652 0.0428050584997 0.000854413532894 0.00416602685038 0.00392053385472 5.77771344037e+18 4.235 0.05 0.215 7.57402287566e-05 0.0768416290483 Wt0.00784254930356Lg0.020270592652Hfin0.0428050584997tox0.000854413532894WbR0.00416602685038WbL0.00392053385472Nfin5.77771344037e+18WF4.235
1.50404529253e-09 7.61128320588e-05 0.00754958173974 0.0212886593294 0.0405797648295 0.00074199275819 0.00365200738816 0.00415132429026 6.40347612185e+18 4.235 0.05 0.215 0.000108792907331 0.071965185501 Wt0.00754958173974Lg0.0212886593294Hfin0.0405797648295tox0.00074199275819WbR0.00365200738816WbL0.00415132429026Nfin6.40347612185e+18WF4.235
1.49789509343e-09 6.98035001903e-05 0.00752450439617 0.0207270447853 0.0404978204314 0.000812996155052 0.0037053352555 0.00377675083346 6.29020411095e+18 4.235 0.05 0.215 0.000101354968161 0.0738010951527 Wt0.00752450439617Lg0.0207270447853Hfin0.0404978204314tox0.000812996155052WbR0.0037053352555WbL0.00377675083346Nfin6.29020411095e+18WF4.235
3.22986040683e-09 7.69665828448e-05 0.0079265519181 0.0194433968524 0.04217467554 0.000772847830926 0.00375219047259 0.00371592701865 5.9074207621e+18 4.235 0.05 0.1978 0.000102782124485 0.079920170099 Wt0.0079265519181Lg0.0194433968524Hfin0.04217467554tox0.000772847830926WbR0.00375219047259WbL0.00371592701865Nfin5.9074207621e+18WF4.235
2.02223938156e-09 7.40667815039e-05 0.00783636766593 0.0212959945891 0.0410188789065 0.000801899685776 0.00385245040369 0.00369515828699 5.63340671257e+18 4.235 0.05 0.2064 0.000106754373441 0.0748525282461 Wt0.00783636766593Lg0.0212959945891Hfin0.0410188789065tox0.000801899685776WbR0.00385245040369WbL0.00369515828699Nfin5.63340671257e+18WF4.235
2.02209586032e-09 7.9525871682e-05 0.00747707014351 0.0213606132283 0.0484086764862 0.000812182710714 0.00402713033433 0.0036936186277 5.6884436809e+18 4.235 0.05 0.2064 0.000112334385555 0.0748078473902 Wt0.00747707014351Lg0.0213606132283Hfin0.0484086764862tox0.000812182710714WbR0.00402713033433WbL0.0036936186277Nfin5.6884436809e+18WF4.235
2.1258912263e-09 7.04016080462e-05 0.00790697936253 0.0200880097029 0.042310939993 0.000809143909744 0.00376223019335 0.0042751030503 5.84653207089e+18 4.235 0.05 0.2064 8.72385308793e-05 0.076591238967 Wt0.00790697936253Lg0.0200880097029Hfin0.042310939993tox0.000809143909744WbR0.00376223019335WbL0.0042751030503Nfin5.84653207089e+18WF4.235
1.74576638733e-09 8.03666699411e-05 0.00713516262495 0.0217253006353 0.0464050749317 0.000755328733246 0.00366535812049 0.00364995264856 6.09717040797e+18 4.235 0.05 0.2064 0.000110411540288 0.0722975863988 Wt0.00713516262495Lg0.0217253006353Hfin0.0464050749317tox0.000755328733246WbR0.00366535812049WbL0.00364995264856Nfin6.09717040797e+18WF4.235
1.41791087879e-09 7.25136950167e-05 0.00718536746066 0.0212096372093 0.0420496739868 0.000766710468909 0.00378307623383 0.00403972562898 6.32090907377e+18 4.235 0.05 0.215 0.000101807053014 0.0721994388248 Wt0.00718536746066Lg0.0212096372093Hfin0.0420496739868tox0.000766710468909WbR0.00378307623383WbL0.00403972562898Nfin6.32090907377e+18WF4.235
1.95532998096e-09 6.43654106531e-05 0.00754785386103 0.0197392959685 0.0409181406719 0.000860299752535 0.00366058817678 0.00383994834439 6.39429176345e+18 4.235 0.05 0.215 8.29353651735e-05 0.077681446525 Wt0.00754785386103Lg0.0197392959685Hfin0.0409181406719tox0.000860299752535WbR0.00366058817678WbL0.00383994834439Nfin6.39429176345e+18WF4.235
2.55219661928e-09 7.57412376356e-05 0.00739715014933 0.0182978507352 0.0441660506864 0.000823753704924 0.00401067960017 0.00398034826944 6.4318038711e+18 4.235 0.05 0.215 0.000108888294851 0.0804837615299 Wt0.00739715014933Lg0.0182978507352Hfin0.0441660506864tox0.000823753704924WbR0.00401067960017WbL0.00398034826944Nfin6.4318038711e+18WF4.235
3.34198596942e-09 7.0209789378e-05 0.00832818172254 0.0189369488455 0.0403409248889 0.000887222637645 0.00362102904122 0.00345524313057 5.61197478344e+18 4.235 0.05 0.2064 0.000102553245378 0.0838142966424 Wt0.00832818172254Lg0.0189369488455Hfin0.0403409248889tox0.000887222637645WbR0.00362102904122WbL0.00345524313057Nfin5.61197478344e+18WF4.235
1.34837784242e-09 6.88636206293e-05 0.00726667476943 0.021843954708 0.0422336482123 0.000831512690788 0.00402411234029 0.00369602742045 6.01278810036e+18 4.235 0.05 0.2236 9.92240272566e-05 0.072601166922 Wt0.00726667476943Lg0.021843954708Hfin0.0422336482123tox0.000831512690788WbR0.00402411234029WbL0.00369602742045Nfin6.01278810036e+18WF4.235
1.79379989098e-09 8.01482855374e-05 0.00767834322482 0.021422932799 0.0458177728424 0.000804290014013 0.00378644718443 0.00412497129995 5.96816911045e+18 4.235 0.05 0.2064 0.000117798208736 0.0739704288589 Wt0.00767834322482Lg0.021422932799Hfin0.0458177728424tox0.000804290014013WbR0.00378644718443WbL0.00412497129995Nfin5.96816911045e+18WF4.235
3.00378094369e-09 7.7832527497e-05 0.00719031800034 0.0191765239467 0.0444397607493 0.000784616760161 0.00395842187975 0.00378468319645 6.05283779712e+18 4.235 0.05 0.2064 0.000107032530993 0.07992737582 Wt0.00719031800034Lg0.0191765239467Hfin0.0444397607493tox0.000784616760161WbR0.00395842187975WbL0.00378468319645Nfin6.05283779712e+18WF4.235
3.01251870204e-09 7.5336094283e-05 0.00718734253339 0.0195534832356 0.044655549144 0.000773635555361 0.00409338914854 0.00373666156652 5.97195108819e+18 4.235 0.05 0.1978 9.87779579262e-05 0.0795668408413 Wt0.00718734253339Lg0.0195534832356Hfin0.044655549144tox0.000773635555361WbR0.00409338914854WbL0.00373666156652Nfin5.97195108819e+18WF4.235
2.01880590109e-09 8.43767200432e-05 0.00802293443428 0.0200363126467 0.0444916913512 0.000773761791148 0.00406129213122 0.00400328133862 6.11930118129e+18 4.235 0.05 0.2064 0.000124451541132 0.0748454063894 Wt0.00802293443428Lg0.0200363126467Hfin0.0444916913512tox0.000773761791148WbR0.00406129213122WbL0.00400328133862Nfin6.11930118129e+18WF4.235
1.75782600069e-09 5.59650941081e-05 0.00695271703086 0.0198847754159 0.0410100935077 0.000799958459457 0.00378873042211 0.00380118891047 6.32369253262e+18 4.235 0.05 0.215 6.8730321837e-05 0.0750674766453 Wt0.00695271703086Lg0.0198847754159Hfin0.0410100935077tox0.000799958459457WbR0.00378873042211WbL0.00380118891047Nfin6.32369253262e+18WF4.235
3.03619766894e-09 6.08436146363e-05 0.00683493534316 0.0199133655776 0.0433603545847 0.000763079573788 0.00377988146561 0.00375399107668 5.62173460134e+18 4.235 0.05 0.1978 6.97394073953e-05 0.077793880363 Wt0.00683493534316Lg0.0199133655776Hfin0.0433603545847tox0.000763079573788WbR0.00377988146561WbL0.00375399107668Nfin5.62173460134e+18WF4.235
1.86108337344e-09 6.85282819085e-05 0.00725268158255 0.0200741150598 0.0412743707344 0.000803876711251 0.00338331020032 0.00397399584696 6.00919995599e+18 4.235 0.05 0.215 8.93408848197e-05 0.0751028357263 Wt0.00725268158255Lg0.0200741150598Hfin0.0412743707344tox0.000803876711251WbR0.00338331020032WbL0.00397399584696Nfin6.00919995599e+18WF4.235
1.81412812222e-09 6.9535558647e-05 0.00794830246636 0.0194070945976 0.0405625846178 0.000812327256533 0.00392437522973 0.00367696414918 6.68422823045e+18 4.235 0.05 0.215 9.80014100493e-05 0.0769849051434 Wt0.00794830246636Lg0.0194070945976Hfin0.0405625846178tox0.000812327256533WbR0.00392437522973WbL0.00367696414918Nfin6.68422823045e+18WF4.235
1.98796204294e-09 8.21792290624e-05 0.00854534572127 0.0211785835389 0.0467169021271 0.000804076611053 0.00405484640937 0.00371018432027 5.73455954848e+18 4.235 0.05 0.2064 0.000120987154255 0.0747241965019 Wt0.00854534572127Lg0.0211785835389Hfin0.0467169021271tox0.000804076611053WbR0.00405484640937WbL0.00371018432027Nfin5.73455954848e+18WF4.235
1.92780221087e-09 6.50524619749e-05 0.00717175001506 0.020268427868 0.0427897503947 0.000797356329969 0.00392809856496 0.00388731356956 5.96029327776e+18 4.235 0.05 0.2064 7.96903611448e-05 0.0750441761101 Wt0.00717175001506Lg0.020268427868Hfin0.0427897503947tox0.000797356329969WbR0.00392809856496WbL0.00388731356956Nfin5.96029327776e+18WF4.235
2.15259490378e-09 7.19211615136e-05 0.00740849101693 0.0202542821735 0.0460507707999 0.00073396295616 0.00392619849587 0.00354937105284 6.07156652684e+18 4.235 0.05 0.2064 8.67717108471e-05 0.0744995207898 Wt0.00740849101693Lg0.0202542821735Hfin0.0460507707999tox0.00073396295616WbR0.00392619849587WbL0.00354937105284Nfin6.07156652684e+18WF4.235
1.35655669801e-09 7.26070277208e-05 0.00759169641038 0.0216448760392 0.0438137653926 0.000855761733484 0.00394193083522 0.00389522609684 6.14547974273e+18 4.235 0.05 0.2236 0.000110487279459 0.0727355020387 Wt0.00759169641038Lg0.0216448760392Hfin0.0438137653926tox0.000855761733484WbR0.00394193083522WbL0.00389522609684Nfin6.14547974273e+18WF4.235
3.72873590265e-09 7.50460241318e-05 0.00713235427348 0.0186535246023 0.0410608689664 0.000787704428548 0.00394805247297 0.0039215141242 5.72311020121e+18 4.235 0.05 0.1978 0.000102328237176 0.082953666531 Wt0.00713235427348Lg0.0186535246023Hfin0.0410608689664tox0.000787704428548WbR0.00394805247297WbL0.0039215141242Nfin5.72311020121e+18WF4.235
1.58860098658e-09 7.61500136199e-05 0.00776007333288 0.0199822381119 0.0391622934351 0.000763147084904 0.00372896080954 0.00389093928962 6.47095111771e+18 4.235 0.05 0.215 0.000112064136854 0.0739018294231 Wt0.00776007333288Lg0.0199822381119Hfin0.0391622934351tox0.000763147084904WbR0.00372896080954WbL0.00389093928962Nfin6.47095111771e+18WF4.235
2.95883156353e-09 6.80402133587e-05 0.00740014393756 0.019290744366 0.0391033317238 0.000794833599178 0.0037407337182 0.00380906304125 5.78738782573e+18 4.235 0.05 0.2064 9.25885776684e-05 0.0806489737991 Wt0.00740014393756Lg0.019290744366Hfin0.0391033317238tox0.000794833599178WbR0.0037407337182WbL0.00380906304125Nfin5.78738782573e+18WF4.235
2.02661088836e-09 7.31279810226e-05 0.00751084299693 0.0209612930989 0.0439924017597 0.000870080084086 0.003495944697 0.00389837220386 5.66738773725e+18 4.235 0.05 0.2064 0.000108058066378 0.0755113720193 Wt0.00751084299693Lg0.0209612930989Hfin0.0439924017597tox0.000870080084086WbR0.003495944697WbL0.00389837220386Nfin5.66738773725e+18WF4.235
2.80374034267e-09 7.35378578928e-05 0.00756653946131 0.0189627674142 0.0407560375786 0.000828940355782 0.00359174469157 0.00381012175598 6.1186343555e+18 4.235 0.05 0.2064 0.000105544854889 0.0803011226572 Wt0.00756653946131Lg0.0189627674142Hfin0.0407560375786tox0.000828940355782WbR0.00359174469157WbL0.00381012175598Nfin6.1186343555e+18WF4.235
1.05856195451e-09 6.65450577582e-05 0.00742978509012 0.021507466154 0.0406767027058 0.000800945228973 0.00384686771164 0.00385855671509 6.50751790432e+18 4.235 0.05 0.2236 9.71279105771e-05 0.0716933150597 Wt0.00742978509012Lg0.021507466154Hfin0.0406767027058tox0.000800945228973WbR0.00384686771164WbL0.00385855671509Nfin6.50751790432e+18WF4.235
1.9147439799e-09 7.46957194516e-05 0.00761002671188 0.0214261739605 0.0425124565184 0.000816579281532 0.00351549239734 0.00410447373355 5.74585307193e+18 4.235 0.05 0.2064 0.000108671296602 0.0745615312732 Wt0.00761002671188Lg0.0214261739605Hfin0.0425124565184tox0.000816579281532WbR0.00351549239734WbL0.00410447373355Nfin5.74585307193e+18WF4.235
2.10131809285e-09 7.66697522586e-05 0.0072250217181 0.0190626713999 0.0451256286527 0.00079291756657 0.00357085166715 0.00369696578526 6.72166999143e+18 4.235 0.05 0.215 0.000107794882314 0.0772041518941 Wt0.0072250217181Lg0.0190626713999Hfin0.0451256286527tox0.00079291756657WbR0.00357085166715WbL0.00369696578526Nfin6.72166999143e+18WF4.235
1.86277212606e-09 7.52766342361e-05 0.00740661773631 0.0201987284634 0.0429859525237 0.000753904374115 0.00380341602109 0.00385247734414 6.16349379189e+18 4.235 0.05 0.2064 9.8130288563e-05 0.0743816178214 Wt0.00740661773631Lg0.0201987284634Hfin0.0429859525237tox0.000753904374115WbR0.00380341602109WbL0.00385247734414Nfin6.16349379189e+18WF4.235
1.00030197128e-09 6.77234032624e-05 0.00758724594007 0.0214222621748 0.0412065406424 0.00085189932987 0.00373304568394 0.0037863210668 6.67435704464e+18 4.235 0.05 0.2322 0.000104522792136 0.0717696866989 Wt0.00758724594007Lg0.0214222621748Hfin0.0412065406424tox0.00085189932987WbR0.00373304568394WbL0.0037863210668Nfin6.67435704464e+18WF4.235
2.35222014311e-09 6.63849926504e-05 0.00739438847178 0.0204018461045 0.0424027158096 0.000823433901219 0.00376559583597 0.00376709305541 5.48883278881e+18 4.235 0.05 0.2064 8.69761004397e-05 0.0773625373012 Wt0.00739438847178Lg0.0204018461045Hfin0.0424027158096tox0.000823433901219WbR0.00376559583597WbL0.00376709305541Nfin5.48883278881e+18WF4.235
1.66505688842e-09 6.81844408983e-05 0.00737911473859 0.0200582217005 0.040864420341 0.000795068937153 0.00343188871085 0.00434760886682 6.15109501317e+18 4.235 0.05 0.215 9.05219630112e-05 0.0747132131127 Wt0.00737911473859Lg0.0200582217005Hfin0.040864420341tox0.000795068937153WbR0.00343188871085WbL0.00434760886682Nfin6.15109501317e+18WF4.235
2.17382282049e-09 6.99100019114e-05 0.00759812875689 0.0203864829655 0.0423333645123 0.000796235282924 0.00400607066911 0.00367401473777 5.85393643912e+18 4.235 0.05 0.2064 8.908285449e-05 0.0752410802823 Wt0.00759812875689Lg0.0203864829655Hfin0.0423333645123tox0.000796235282924WbR0.00400607066911WbL0.00367401473777Nfin5.85393643912e+18WF4.235
1.86289047687e-09 6.40003524279e-05 0.00826017944883 0.0197420328942 0.0403129595508 0.000853764214244 0.00357426458881 0.00378729210812 6.35604847661e+18 4.235 0.05 0.2236 8.30945970946e-05 0.0777330107134 Wt0.00826017944883Lg0.0197420328942Hfin0.0403129595508tox0.000853764214244WbR0.00357426458881WbL0.00378729210812Nfin6.35604847661e+18WF4.235
2.60868637392e-09 7.02770271249e-05 0.00734358967029 0.0195820880484 0.0420262609677 0.000778099255126 0.00410054352625 0.00360068744627 6.08350565268e+18 4.235 0.05 0.2064 9.16314790707e-05 0.0782064637615 Wt0.00734358967029Lg0.0195820880484Hfin0.0420262609677tox0.000778099255126WbR0.00410054352625WbL0.00360068744627Nfin6.08350565268e+18WF4.235
2.39853673674e-09 7.17354711315e-05 0.00760739236569 0.0203112461508 0.0439669489667 0.000776780299916 0.00382979958876 0.00410711847075 5.80680190426e+18 4.235 0.05 0.2064 8.71257994699e-05 0.0753631373512 Wt0.00760739236569Lg0.0203112461508Hfin0.0439669489667tox0.000776780299916WbR0.00382979958876WbL0.00410711847075Nfin5.80680190426e+18WF4.235
2.90993060708e-09 7.21603002755e-05 0.00791323721654 0.0191664730812 0.0413496870485 0.000841704572382 0.00386967683543 0.00374892861029 5.92299978389e+18 4.235 0.05 0.2064 0.000102667031598 0.0808366684068 Wt0.00791323721654Lg0.0191664730812Hfin0.0413496870485tox0.000841704572382WbR0.00386967683543WbL0.00374892861029Nfin5.92299978389e+18WF4.235
2.3930337886e-09 6.74591257241e-05 0.00766505478008 0.0203620377161 0.041934765311 0.000824282236723 0.0039619914995 0.0038835185328 5.5725919743e+18 4.235 0.05 0.2064 8.48231073987e-05 0.0771427869194 Wt0.00766505478008Lg0.0203620377161Hfin0.041934765311tox0.000824282236723WbR0.0039619914995WbL0.0038835185328Nfin5.5725919743e+18WF4.235
1.84292534063e-09 6.96702573047e-05 0.00773613807759 0.0200698428327 0.0427242708742 0.000802480120256 0.00366712519628 0.0038741816014 6.19891971031e+18 4.235 0.05 0.215 8.20566412897e-05 0.0747833192755 Wt0.00773613807759Lg0.0200698428327Hfin0.0427242708742tox0.000802480120256WbR0.00366712519628WbL0.0038741816014Nfin6.19891971031e+18WF4.235
2.41925933235e-09 7.39684818041e-05 0.00809674079841 0.0186199412801 0.041355791102 0.000831223201828 0.00386233577098 0.00373438063615 6.39840752083e+18 4.235 0.05 0.215 0.000109514892226 0.0800427053209 Wt0.00809674079841Lg0.0186199412801Hfin0.041355791102tox0.000831223201828WbR0.00386233577098WbL0.00373438063615Nfin6.39840752083e+18WF4.235
3.00718963114e-09 7.35104490585e-05 0.00794185083864 0.0187604601579 0.0388709691704 0.000790511562537 0.00395255313899 0.00384779856274 6.01437108146e+18 4.235 0.05 0.2064 0.000104368693495 0.0806042872255 Wt0.00794185083864Lg0.0187604601579Hfin0.0388709691704tox0.000790511562537WbR0.00395255313899WbL0.00384779856274Nfin6.01437108146e+18WF4.235
3.93954395253e-09 7.82005773717e-05 0.00667910767839 0.0192180075527 0.046037639394 0.000811508881814 0.00405137511523 0.00362545801325 5.66861858212e+18 4.235 0.05 0.1978 0.000105240365715 0.0825742675648 Wt0.00667910767839Lg0.0192180075527Hfin0.046037639394tox0.000811508881814WbR0.00405137511523WbL0.00362545801325Nfin5.66861858212e+18WF4.235
2.40153800875e-09 7.45560892599e-05 0.00739656086612 0.0185453228093 0.0440757824281 0.000832426872374 0.00393158391039 0.00388733423732 6.42954731407e+18 4.235 0.05 0.215 0.000107656154611 0.0801268024912 Wt0.00739656086612Lg0.0185453228093Hfin0.0440757824281tox0.000832426872374WbR0.00393158391039WbL0.00388733423732Nfin6.42954731407e+18WF4.235
3.06483125221e-09 6.36685813039e-05 0.00697934331957 0.0199431458587 0.0445232229192 0.000737292080464 0.00381836612325 0.00387581939674 5.68361296871e+18 4.235 0.05 0.1978 7.11398453782e-05 0.0773930454994 Wt0.00697934331957Lg0.0199431458587Hfin0.0445232229192tox0.000737292080464WbR0.00381836612325WbL0.00387581939674Nfin5.68361296871e+18WF4.235
3.45975017547e-09 7.64601540473e-05 0.00778098212127 0.0197662662292 0.0436167338724 0.000746830419456 0.00333855420223 0.00377483682765 5.8622881903e+18 4.235 0.05 0.1978 9.08229766704e-05 0.0794693116662 Wt0.00778098212127Lg0.0197662662292Hfin0.0436167338724tox0.000746830419456WbR0.00333855420223WbL0.00377483682765Nfin5.8622881903e+18WF4.235
1.82743173696e-09 6.25571793605e-05 0.00786948205903 0.0198184667205 0.0442555078108 0.000842916340174 0.0036650737224 0.00407452152185 6.26899188373e+18 4.235 0.05 0.215 7.88812633335e-05 0.0766412316125 Wt0.00786948205903Lg0.0198184667205Hfin0.0442555078108tox0.000842916340174WbR0.0036650737224WbL0.00407452152185Nfin6.26899188373e+18WF4.235
1.44881924085e-09 6.35013281389e-05 0.00772973307807 0.0202977302496 0.0419792005756 0.000838980908433 0.00396803400561 0.00367884861967 6.36035167394e+18 4.235 0.05 0.2236 7.84766665207e-05 0.0742877782726 Wt0.00772973307807Lg0.0202977302496Hfin0.0419792005756tox0.000838980908433WbR0.00396803400561WbL0.00367884861967Nfin6.36035167394e+18WF4.235
2.02390675832e-09 6.82721501585e-05 0.00737763937269 0.0194368983808 0.0411522386958 0.000797743032674 0.00359752620265 0.0039371537992 6.45652932983e+18 4.235 0.05 0.215 9.36938625163e-05 0.0774122249256 Wt0.00737763937269Lg0.0194368983808Hfin0.0411522386958tox0.000797743032674WbR0.00359752620265WbL0.0039371537992Nfin6.45652932983e+18WF4.235
3.89671123157e-09 8.25310504536e-05 0.00664163751773 0.018975568665 0.0446384531707 0.000744205322121 0.00352080996078 0.00433229683908 5.86965792813e+18 4.235 0.05 0.1892 0.000108536305451 0.0804968921622 Wt0.00664163751773Lg0.018975568665Hfin0.0446384531707tox0.000744205322121WbR0.00352080996078WbL0.00433229683908Nfin5.86965792813e+18WF4.235
2.33401798699e-09 6.6065492585e-05 0.00772620933112 0.0202062568187 0.0411000352908 0.000745857647453 0.00376638976759 0.00377526322722 5.89101421595e+18 4.235 0.05 0.2064 7.08468246138e-05 0.0750367895964 Wt0.00772620933112Lg0.0202062568187Hfin0.0411000352908tox0.000745857647453WbR0.00376638976759WbL0.00377526322722Nfin5.89101421595e+18WF4.235
1.32415749211e-09 6.70409499692e-05 0.00726570999359 0.021142241514 0.039051983869 0.000778722465131 0.0036128639266 0.00396039198223 6.2794596506e+18 4.235 0.05 0.215 9.51276275865e-05 0.0722935599201 Wt0.00726570999359Lg0.021142241514Hfin0.039051983869tox0.000778722465131WbR0.0036128639266WbL0.00396039198223Nfin6.2794596506e+18WF4.235
1.23825230489e-09 6.48259094596e-05 0.00708680135195 0.0205702062772 0.0421599873825 0.000842862076417 0.00415946258762 0.00413844403371 6.40761129696e+18 4.235 0.05 0.2236 9.33020234436e-05 0.0737254240008 Wt0.00708680135195Lg0.0205702062772Hfin0.0421599873825tox0.000842862076417WbR0.00415946258762WbL0.00413844403371Nfin6.40761129696e+18WF4.235
2.26214309781e-09 6.71960858816e-05 0.00738756292704 0.021384900563 0.0414390591528 0.000868706620211 0.00386464256094 0.00385435038512 5.15017985046e+18 4.235 0.05 0.2064 9.59680151312e-05 0.0775336114584 Wt0.00738756292704Lg0.021384900563Hfin0.0414390591528tox0.000868706620211WbR0.00386464256094WbL0.00385435038512Nfin5.15017985046e+18WF4.235
2.50527867728e-09 7.32327145772e-05 0.00725269607154 0.0205966346346 0.0439231696547 0.00078997180306 0.00377637299099 0.00322206470172 5.55004047089e+18 4.235 0.05 0.1978 9.93300305954e-05 0.076723855484 Wt0.00725269607154Lg0.0205966346346Hfin0.0439231696547tox0.00078997180306WbR0.00377637299099WbL0.00322206470172Nfin5.55004047089e+18WF4.235
1.52560909622e-09 7.18716783534e-05 0.00768830194919 0.0214601131253 0.0395325546603 0.000780586845527 0.00351227702991 0.00387763467673 6.12779559007e+18 4.235 0.05 0.215 0.000104396008114 0.0725454914391 Wt0.00768830194919Lg0.0214601131253Hfin0.0395325546603tox0.000780586845527WbR0.00351227702991WbL0.00387763467673Nfin6.12779559007e+18WF4.235
1.39934269355e-09 6.45111367213e-05 0.00801886373982 0.0205427168056 0.0394063356226 0.000834406626731 0.00387063000845 0.00352380799813 6.21001201867e+18 4.235 0.05 0.2236 9.15583325293e-05 0.0742676415103 Wt0.00801886373982Lg0.0205427168056Hfin0.0394063356226tox0.000834406626731WbR0.00387063000845WbL0.00352380799813Nfin6.21001201867e+18WF4.235
1.27749353105e-09 6.53832470576e-05 0.00806410628306 0.0201910669649 0.0416479847844 0.000857802321636 0.00376683839821 0.0037396820396 6.45427611895e+18 4.235 0.05 0.2236 8.79359271082e-05 0.0742679619683 Wt0.00806410628306Lg0.0201910669649Hfin0.0416479847844tox0.000857802321636WbR0.00376683839821WbL0.0037396820396Nfin6.45427611895e+18WF4.235
3.80218838427e-09 8.36547856615e-05 0.00776302646923 0.0182659845514 0.0414346853704 0.000746151961291 0.00389093927372 0.00344528564312 6.06499457117e+18 4.235 0.05 0.1978 0.000115772196367 0.0809346390326 Wt0.00776302646923Lg0.0182659845514Hfin0.0414346853704tox0.000746151961291WbR0.00389093927372WbL0.00344528564312Nfin6.06499457117e+18WF4.235
1.60659790384e-09 7.16381154908e-05 0.00738173962482 0.0208346103298 0.0452020455845 0.000836823855268 0.00358954188826 0.00392212400932 6.02125526922e+18 4.235 0.05 0.215 0.000103738262226 0.0744805491078 Wt0.00738173962482Lg0.0208346103298Hfin0.0452020455845tox0.000836823855268WbR0.00358954188826WbL0.00392212400932Nfin6.02125526922e+18WF4.235
1.39916106972e-09 5.99944283561e-05 0.00780296483734 0.0202753415693 0.0390229265506 0.000820198020579 0.0038646028973 0.00387519811852 6.34637951484e+18 4.235 0.05 0.2236 7.31656459823e-05 0.0741570125059 Wt0.00780296483734Lg0.0202753415693Hfin0.0390229265506tox0.000820198020579WbR0.0038646028973WbL0.00387519811852Nfin6.34637951484e+18WF4.235
1.69567175435e-09 7.66335951141e-05 0.00754699408964 0.0213678169122 0.0439982251007 0.000816459445328 0.00366468629503 0.00365893619298 5.99520962921e+18 4.235 0.05 0.215 0.000113034601236 0.0739681596593 Wt0.00754699408964Lg0.0213678169122Hfin0.0439982251007tox0.000816459445328WbR0.00366468629503WbL0.00365893619298Nfin5.99520962921e+18WF4.235
2.0049550275e-09 7.54257688702e-05 0.00728243965438 0.0205728051573 0.0446519430276 0.000762829852403 0.00367880124164 0.00372121472462 5.99239654465e+18 4.235 0.05 0.2064 0.000103852229182 0.0744115378295 Wt0.00728243965438Lg0.0205728051573Hfin0.0446519430276tox0.000762829852403WbR0.00367880124164WbL0.00372121472462Nfin5.99239654465e+18WF4.235
2.59568019763e-09 7.90323174314e-05 0.00835549782193 0.0213261421559 0.0400466090261 0.000743149014836 0.00376753543301 0.00344661551106 5.311585618e+18 4.235 0.05 0.1978 0.000110619916953 0.0753248217077 Wt0.00835549782193Lg0.0213261421559Hfin0.0400466090261tox0.000743149014836WbR0.00376753543301WbL0.00344661551106Nfin5.311585618e+18WF4.235
2.292554671e-09 7.56891103149e-05 0.00768156905607 0.0207362939519 0.0422312400781 0.000773331169392 0.0039840462905 0.00428512234822 5.69034245639e+18 4.235 0.05 0.2064 0.000105575270214 0.07515830919 Wt0.00768156905607Lg0.0207362939519Hfin0.0422312400781tox0.000773331169392WbR0.0039840462905WbL0.00428512234822Nfin5.69034245639e+18WF4.235
2.32544948376e-09 7.12400895482e-05 0.00754739445039 0.0189283724854 0.0392208236415 0.000814672127995 0.00401139136819 0.00387502030365 6.39477870801e+18 4.235 0.05 0.215 0.000103294742807 0.0783524555549 Wt0.00754739445039Lg0.0189283724854Hfin0.0392208236415tox0.000814672127995WbR0.00401139136819WbL0.00387502030365Nfin6.39477870801e+18WF4.235
1.86848843413e-09 5.6559907955e-05 0.00737914017335 0.0202849904437 0.039192242724 0.00085851646854 0.00398552197094 0.00362122804422 5.64676022801e+18 4.235 0.05 0.215 6.95780553053e-05 0.0770722842484 Wt0.00737914017335Lg0.0202849904437Hfin0.039192242724tox0.00085851646854WbR0.00398552197094WbL0.00362122804422Nfin5.64676022801e+18WF4.235
2.89577200584e-09 7.70484173919e-05 0.00766709586038 0.0200714204133 0.0435195208807 0.000744370675074 0.00370196343827 0.00374775777875 5.67450382733e+18 4.235 0.05 0.1978 8.73687852206e-05 0.0767654881439 Wt0.00766709586038Lg0.0200714204133Hfin0.0435195208807tox0.000744370675074WbR0.00370196343827WbL0.00374775777875Nfin5.67450382733e+18WF4.235
3.48001983274e-09 8.55909756865e-05 0.00770560043808 0.0190864641208 0.0420918225966 0.000701054952364 0.00354614322695 0.00354571693674 6.16003628607e+18 4.235 0.05 0.1892 0.000114864118532 0.0780574174305 Wt0.00770560043808Lg0.0190864641208Hfin0.0420918225966tox0.000701054952364WbR0.00354614322695WbL0.00354571693674Nfin6.16003628607e+18WF4.235
2.94423862213e-09 7.84663543763e-05 0.00790850852213 0.0186374967719 0.0418542721622 0.000797787265994 0.00353036140134 0.00381188353537 6.22905815244e+18 4.235 0.05 0.2064 0.000112546847027 0.0802835696905 Wt0.00790850852213Lg0.0186374967719Hfin0.0418542721622tox0.000797787265994WbR0.00353036140134WbL0.00381188353537Nfin6.22905815244e+18WF4.235
3.43985688837e-09 7.50929388887e-05 0.00726641323148 0.0193020632486 0.042337246182 0.000776041893233 0.00406796951071 0.00358279665551 5.74546943579e+18 4.235 0.05 0.1978 0.000100229479587 0.0806967086716 Wt0.00726641323148Lg0.0193020632486Hfin0.042337246182tox0.000776041893233WbR0.00406796951071WbL0.00358279665551Nfin5.74546943579e+18WF4.235
2.00674618861e-09 6.91932728565e-05 0.00713497897418 0.0207243626063 0.0416761615216 0.000812182246175 0.00396611380652 0.00403710735477 5.67338193047e+18 4.235 0.05 0.2064 9.7175101257e-05 0.0753499594484 Wt0.00713497897418Lg0.0207243626063Hfin0.0416761615216tox0.000812182246175WbR0.00396611380652WbL0.00403710735477Nfin5.67338193047e+18WF4.235
1.7571731699e-09 5.59241281672e-05 0.00747783954397 0.0199042933706 0.0427108979457 0.00083758392674 0.003519119811 0.00395522660742 6.16412068841e+18 4.235 0.05 0.215 6.68784495561e-05 0.0766666211365 Wt0.00747783954397Lg0.0199042933706Hfin0.0427108979457tox0.00083758392674WbR0.003519119811WbL0.00395522660742Nfin6.16412068841e+18WF4.235
2.1042891444e-09 7.03160131865e-05 0.00751791493944 0.020507492619 0.0406505478783 0.000792502909624 0.00368835877219 0.00363801858853 5.82210441483e+18 4.235 0.05 0.2064 9.51447392227e-05 0.0751282155547 Wt0.00751791493944Lg0.020507492619Hfin0.0406505478783tox0.000792502909624WbR0.00368835877219WbL0.00363801858853Nfin5.82210441483e+18WF4.235
1.95042129391e-09 6.35521347251e-05 0.0081705791478 0.0201066162014 0.0383925526274 0.000832548150936 0.00399687729653 0.00356994857265 5.72843736957e+18 4.235 0.05 0.215 7.98765480597e-05 0.0768996833013 Wt0.0081705791478Lg0.0201066162014Hfin0.0383925526274tox0.000832548150936WbR0.00399687729653WbL0.00356994857265Nfin5.72843736957e+18WF4.235
2.03546769043e-09 7.99756874439e-05 0.00759056125961 0.0206742011271 0.0431787418062 0.000739349012858 0.00379393801808 0.00396317726079 6.1448725217e+18 4.235 0.05 0.2064 0.00011080849682 0.0739382333224 Wt0.00759056125961Lg0.0206742011271Hfin0.0431787418062tox0.000739349012858WbR0.00379393801808WbL0.00396317726079Nfin6.1448725217e+18WF4.235
1.44296581703e-09 8.14568748839e-05 0.00763172852552 0.0217641587142 0.0471407125764 0.000803449712838 0.00402809962308 0.00404663080846 6.31440922626e+18 4.235 0.05 0.215 0.000121078578462 0.0721170469043 Wt0.00763172852552Lg0.0217641587142Hfin0.0471407125764tox0.000803449712838WbR0.00402809962308WbL0.00404663080846Nfin6.31440922626e+18WF4.235
2.86567233723e-09 8.45132613401e-05 0.00802323638886 0.0199896188117 0.0426708151651 0.00076742131534 0.00407315207566 0.0033480053266 5.56150572055e+18 4.235 0.05 0.1978 0.000120578899493 0.077336111687 Wt0.00802323638886Lg0.0199896188117Hfin0.0426708151651tox0.00076742131534WbR0.00407315207566WbL0.0033480053266Nfin5.56150572055e+18WF4.235
2.25545201003e-09 7.26867833387e-05 0.00743358092372 0.0201538182781 0.0425995834864 0.000784228578436 0.00352200753707 0.0040506023507 5.73565580278e+18 4.235 0.05 0.2064 9.42254093912e-05 0.0766882953073 Wt0.00743358092372Lg0.0201538182781Hfin0.0425995834864tox0.000784228578436WbR0.00352200753707WbL0.0040506023507Nfin5.73565580278e+18WF4.235
3.1780929266e-09 6.7666028064e-05 0.00787326180982 0.0197814174812 0.0411328448378 0.000823113713921 0.00353243445214 0.00371571456659 5.67599497251e+18 4.235 0.05 0.1978 8.11075225481e-05 0.0806207080049 Wt0.00787326180982Lg0.0197814174812Hfin0.0411328448378tox0.000823113713921WbR0.00353243445214WbL0.00371571456659Nfin5.67599497251e+18WF4.235
3.79253406619e-09 8.19566828529e-05 0.00781758458938 0.0188474885388 0.0412238960299 0.000742278357399 0.00390779845709 0.00402816140332 5.8577284037e+18 4.235 0.05 0.1978 0.000112078891528 0.0806583695487 Wt0.00781758458938Lg0.0188474885388Hfin0.0412238960299tox0.000742278357399WbR0.00390779845709WbL0.00402816140332Nfin5.8577284037e+18WF4.235
2.16694114012e-09 6.66261107515e-05 0.0075603383098 0.0204677252006 0.0414864458058 0.000849343564385 0.00409893436617 0.0040261458389 5.60695416497e+18 4.235 0.05 0.2064 8.95931814995e-05 0.0770122980713 Wt0.0075603383098Lg0.0204677252006Hfin0.0414864458058tox0.000849343564385WbR0.00409893436617WbL0.0040261458389Nfin5.60695416497e+18WF4.235
3.21719961683e-09 7.47791547099e-05 0.00735627273327 0.0187676675383 0.040854858154 0.000774106057035 0.00394696968479 0.0039013475035 5.92284504279e+18 4.235 0.05 0.2064 0.000102471106856 0.0808675416446 Wt0.00735627273327Lg0.0187676675383Hfin0.040854858154tox0.000774106057035WbR0.00394696968479WbL0.0039013475035Nfin5.92284504279e+18WF4.235
2.80102258143e-09 7.06409334182e-05 0.0075707406616 0.0204410314097 0.04144604106 0.000793571723881 0.00384719941877 0.00387854545974 5.39472530837e+18 4.235 0.05 0.1978 9.15173040917e-05 0.0774191382004 Wt0.0075707406616Lg0.0204410314097Hfin0.04144604106tox0.000793571723881WbR0.00384719941877WbL0.00387854545974Nfin5.39472530837e+18WF4.235
1.82779285452e-09 7.47458745402e-05 0.00767386007639 0.0210250199722 0.042102895499 0.00079517443232 0.00409386268349 0.00380037965121 5.93931344998e+18 4.235 0.05 0.2064 0.000108084318501 0.0743166599577 Wt0.00767386007639Lg0.0210250199722Hfin0.042102895499tox0.00079517443232WbR0.00409386268349WbL0.00380037965121Nfin5.93931344998e+18WF4.235
3.79590342168e-09 7.84136291087e-05 0.00777173558419 0.0182514965947 0.0402072684374 0.000789387219558 0.0035727169275 0.00370778405323 5.90013096474e+18 4.235 0.05 0.1978 0.000110884644829 0.0829570966267 Wt0.00777173558419Lg0.0182514965947Hfin0.0402072684374tox0.000789387219558WbR0.0035727169275WbL0.00370778405323Nfin5.90013096474e+18WF4.235
2.10309989596e-09 6.23728953127e-05 0.00677239984661 0.0197383969772 0.0396242471933 0.000792424418178 0.00332062772036 0.00359074475191 6.42923454549e+18 4.235 0.05 0.2064 7.71738093729e-05 0.0769321866651 Wt0.00677239984661Lg0.0197383969772Hfin0.0396242471933tox0.000792424418178WbR0.00332062772036WbL0.00359074475191Nfin6.42923454549e+18WF4.235
1.39977081929e-09 6.69900335836e-05 0.00761297706194 0.0205229592197 0.0413279209278 0.000827185661174 0.00397879022192 0.00385513421258 6.38941215059e+18 4.235 0.05 0.2236 9.42229145671e-05 0.0738714875829 Wt0.00761297706194Lg0.0205229592197Hfin0.0413279209278tox0.000827185661174WbR0.00397879022192WbL0.00385513421258Nfin6.38941215059e+18WF4.235
2.91291495906e-09 7.15548443039e-05 0.00717984194614 0.0195888535578 0.0441165860511 0.00081018672421 0.0034605876553 0.00401736754845 5.91746419417e+18 4.235 0.05 0.2064 9.37843030084e-05 0.0799668512352 Wt0.00717984194614Lg0.0195888535578Hfin0.0441165860511tox0.00081018672421WbR0.0034605876553WbL0.00401736754845Nfin5.91746419417e+18WF4.235
3.61343110553e-09 7.7222574264e-05 0.00722802147155 0.0179056335244 0.0423535334749 0.000797260206166 0.00382449421745 0.00371311158088 6.06643108739e+18 4.235 0.05 0.1978 0.000106465987217 0.0831446189083 Wt0.00722802147155Lg0.0179056335244Hfin0.0423535334749tox0.000797260206166WbR0.00382449421745WbL0.00371311158088Nfin6.06643108739e+18WF4.235
1.44579112207e-09 6.55390249438e-05 0.00816683221899 0.0200686625396 0.0399909689883 0.000804110722092 0.00394693088979 0.00396461095647 6.37167497123e+18 4.235 0.05 0.2236 8.29419944853e-05 0.0742551722397 Wt0.00816683221899Lg0.0200686625396Hfin0.0399909689883tox0.000804110722092WbR0.00394693088979WbL0.00396461095647Nfin6.37167497123e+18WF4.235
3.47796958911e-09 8.24230698793e-05 0.00815666613866 0.0188933732544 0.0429425813693 0.000772367327873 0.00330393887764 0.00390988983522 5.96830670299e+18 4.235 0.05 0.1978 0.000115663352668 0.0805938692317 Wt0.00815666613866Lg0.0188933732544Hfin0.0429425813693tox0.000772367327873WbR0.00330393887764WbL0.00390988983522Nfin5.96830670299e+18WF4.235
1.87343764288e-09 7.65755278742e-05 0.00771427351437 0.021074301828 0.0436621154356 0.000810077439977 0.00385520951663 0.00361717371478 5.90147978764e+18 4.235 0.05 0.2064 0.000111870531589 0.0744732060869 Wt0.00771427351437Lg0.021074301828Hfin0.0436621154356tox0.000810077439977WbR0.00385520951663WbL0.00361717371478Nfin5.90147978764e+18WF4.235
1.8632529029e-09 6.52416017609e-05 0.00735220656279 0.0196986210168 0.0423680660248 0.000823398526254 0.00381052417033 0.00442236867958 6.4420719294e+18 4.235 0.05 0.215 8.46300049624e-05 0.0773312531493 Wt0.00735220656279Lg0.0196986210168Hfin0.0423680660248tox0.000823398526254WbR0.00381052417033WbL0.00442236867958Nfin6.4420719294e+18WF4.235
2.1932563418e-09 7.34123028628e-05 0.00758443684826 0.0205193574496 0.043536057632 0.000805653473961 0.00377772911791 0.00399672790577 5.79995818963e+18 4.235 0.05 0.2064 9.99962158917e-05 0.0753087654081 Wt0.00758443684826Lg0.0205193574496Hfin0.043536057632tox0.000805653473961WbR0.00377772911791WbL0.00399672790577Nfin5.79995818963e+18WF4.235
1.99046843813e-09 5.9473358084e-05 0.00737724496377 0.0202164919589 0.0407255555523 0.000796651209092 0.00409139440551 0.00379478201567 5.78606169779e+18 4.235 0.05 0.215 6.76413794969e-05 0.0755461534224 Wt0.00737724496377Lg0.0202164919589Hfin0.0407255555523tox0.000796651209092WbR0.00409139440551WbL0.00379478201567Nfin5.78606169779e+18WF4.235
2.08041320847e-09 7.28646210886e-05 0.0078351439123 0.0208620403254 0.0388031950078 0.000748731711911 0.00388050730905 0.00403130373729 5.75624399222e+18 4.235 0.05 0.2064 0.000101744568147 0.0746081523107 Wt0.0078351439123Lg0.0208620403254Hfin0.0388031950078tox0.000748731711911WbR0.00388050730905WbL0.00403130373729Nfin5.75624399222e+18WF4.235
2.53879114674e-09 7.36416923244e-05 0.00750497490411 0.0202978325951 0.0453763022371 0.000782386068983 0.00391788216845 0.003877783097 5.77805295568e+18 4.235 0.05 0.1978 8.84254378367e-05 0.0755122319202 Wt0.00750497490411Lg0.0202978325951Hfin0.0453763022371tox0.000782386068983WbR0.00391788216845WbL0.003877783097Nfin5.77805295568e+18WF4.235
2.88258352617e-09 7.35082305014e-05 0.00719544284278 0.0195214649741 0.0429559236015 0.000769603696422 0.00366301761046 0.00362202462309 6.06250143403e+18 4.235 0.05 0.1978 9.59938943846e-05 0.0783088977463 Wt0.00719544284278Lg0.0195214649741Hfin0.0429559236015tox0.000769603696422WbR0.00366301761046WbL0.00362202462309Nfin6.06250143403e+18WF4.235
2.64629360169e-09 6.76334309476e-05 0.00726318207715 0.019108159342 0.0397868303309 0.000826140774751 0.00370653417405 0.00365202615427 6.00060461108e+18 4.235 0.05 0.2064 9.42381052368e-05 0.0803763843498 Wt0.00726318207715Lg0.019108159342Hfin0.0397868303309tox0.000826140774751WbR0.00370653417405WbL0.00365202615427Nfin6.00060461108e+18WF4.235
2.97707237864e-09 7.33638596895e-05 0.00737154494109 0.0184420751763 0.0425874486078 0.000837489880788 0.00394728471311 0.00389963102952 6.06962159587e+18 4.235 0.05 0.2064 0.000104458779592 0.0825683764098 Wt0.00737154494109Lg0.0184420751763Hfin0.0425874486078tox0.000837489880788WbR0.00394728471311WbL0.00389963102952Nfin6.06962159587e+18WF4.235
3.82589463811e-09 6.95784858262e-05 0.00801578508478 0.0196200538354 0.0405808408895 0.000826242044652 0.0035919718326 0.00411394099043 5.36382996064e+18 4.235 0.05 0.1978 8.9805469186e-05 0.0831474943623 Wt0.00801578508478Lg0.0196200538354Hfin0.0405808408895tox0.000826242044652WbR0.0035919718326WbL0.00411394099043Nfin5.36382996064e+18WF4.235
2.28038487374e-09 6.98042419315e-05 0.0075745297563 0.0191596206555 0.0397919913425 0.000835188798121 0.00382003715039 0.00402673984493 6.31587017339e+18 4.235 0.05 0.215 0.000100685808188 0.0793632792527 Wt0.0075745297563Lg0.0191596206555Hfin0.0397919913425tox0.000835188798121WbR0.00382003715039WbL0.00402673984493Nfin6.31587017339e+18WF4.235
2.58526942336e-09 7.18792811206e-05 0.00806899889185 0.018905979189 0.0409061277136 0.00084330570617 0.00388603055942 0.00391419755026 6.14171674546e+18 4.235 0.05 0.215 0.000104773964105 0.080500739853 Wt0.00806899889185Lg0.018905979189Hfin0.0409061277136tox0.00084330570617WbR0.00388603055942WbL0.00391419755026Nfin6.14171674546e+18WF4.235
3.47206020251e-09 6.79077113413e-05 0.0074957117701 0.0198688190668 0.0452500530631 0.000739314921748 0.00365927868589 0.00411772934401 5.42620217054e+18 4.235 0.05 0.1978 8.19650721595e-05 0.0793973397534 Wt0.0074957117701Lg0.0198688190668Hfin0.0452500530631tox0.000739314921748WbR0.00365927868589WbL0.00411772934401Nfin5.42620217054e+18WF4.235
3.83115597594e-09 7.65446937226e-05 0.00788052254488 0.0197340625677 0.0419163423548 0.000721207737247 0.0039999866092 0.00354182779739 5.68983591087e+18 4.235 0.05 0.1892 9.11624610436e-05 0.0798245843788 Wt0.00788052254488Lg0.0197340625677Hfin0.0419163423548tox0.000721207737247WbR0.0039999866092WbL0.00354182779739Nfin5.68983591087e+18WF4.235
1.5629913507e-09 7.46865723242e-05 0.00711541541452 0.0212756478609 0.0423859543592 0.000748306726058 0.00384473399153 0.00374115604315 6.26156167336e+18 4.235 0.05 0.215 0.000102818819822 0.0722063692655 Wt0.00711541541452Lg0.0212756478609Hfin0.0423859543592tox0.000748306726058WbR0.00384473399153WbL0.00374115604315Nfin6.26156167336e+18WF4.235
2.82801700853e-09 7.8370754145e-05 0.00718967546792 0.018461818582 0.0419967060865 0.000751230953054 0.00363594135621 0.00389512602944 6.40924757603e+18 4.235 0.05 0.2064 0.000106151043166 0.0795213588119 Wt0.00718967546792Lg0.018461818582Hfin0.0419967060865tox0.000751230953054WbR0.00363594135621WbL0.00389512602944Nfin6.40924757603e+18WF4.235
