Ioff Ion Wt Lg Hfin tox WbR WbL Nfin vd Vth gmax SS filename
1.38700799887e-10 7.66138873995e-05 0.0076 0.1 0.042 0.0008 0.0038 0.0038 1.0e+18 0.86 0.269374634388 0.00017667285868 0.0613052323013 Wt0.0076Lg0.1Hfin0.042tox0.0008WbR0.0038WbL0.0038Nfin1.0e+18
2.10124641306e-09 7.95174744476e-05 0.0076 0.02 0.042 0.0008 0.0038 0.0038 1.0e+18 0.05 0.207969106592 0.000117376465934 0.0753200600586 Wt0.0076Lg0.02Hfin0.042tox0.0008WbR0.0038WbL0.0038Nfin1.0e+18
4.52863380428e-09 0.00011798941934 0.0076 0.02 0.042 0.0008 0.0038 0.0038 1.0e+18 0.43 0.187066842058 0.000220931943573 0.0809323527255 Wt0.0076Lg0.02Hfin0.042tox0.0008WbR0.0038WbL0.0038Nfin1.0e+18
9.61184965897e-09 0.000123361414889 0.0076 0.02 0.042 0.0008 0.0038 0.0038 1.0e+18 0.86 0.170920972827 0.000225577954064 0.0923257388105 Wt0.0076Lg0.02Hfin0.042tox0.0008WbR0.0038WbL0.0038Nfin1.0e+18
2.32639209275e-11 8.80921602171e-06 0.0076 0.5 0.042 0.0008 0.0038 0.0038 1.0e+18 0.05 0.388897134104 1.5945500979e-05 0.0608955380609 Wt0.0076Lg0.5Hfin0.042tox0.0008WbR0.0038WbL0.0038Nfin1.0e+18
2.63627849378e-11 3.4290163813e-05 0.0076 0.5 0.042 0.0008 0.0038 0.0038 1.0e+18 0.43 0.347823237441 9.39351692082e-05 0.0606850742374 Wt0.0076Lg0.5Hfin0.042tox0.0008WbR0.0038WbL0.0038Nfin1.0e+18
1.23585835064e-10 3.34035164101e-05 0.0076 0.1 0.042 0.0008 0.0038 0.0038 1.0e+18 0.05 0.281371390554 5.63960215292e-05 0.0619928226824 Wt0.0076Lg0.1Hfin0.042tox0.0008WbR0.0038WbL0.0038Nfin1.0e+18
1.32247052975e-11 2.15782414208e-05 0.0076 1.0 0.042 0.0008 0.0038 0.0038 1.0e+18 0.86 0.393430691307 6.60430731874e-05 0.0605721936698 Wt0.0076Lg1.0Hfin0.042tox0.0008WbR0.0038WbL0.0038Nfin1.0e+18
1.35308003147e-10 4.45705680743e-07 0.0076 0.1 0.042 0.0008 0.0038 0.0038 1.0e+18 0.43 0.263738088375 1.11079472722e-05 0.0613179835528 Wt0.0076Lg0.1Hfin0.042tox0.0008WbR0.0038WbL0.0038Nfin1.0e+18
2.64961416947e-11 3.51194562333e-05 0.0076 0.5 0.042 0.0008 0.0038 0.0038 1.0e+18 0.86 0.347321577268 9.9898741406e-05 0.0606666643722 Wt0.0076Lg0.5Hfin0.042tox0.0008WbR0.0038WbL0.0038Nfin1.0e+18
4.64658364476e-11 1.59921820311e-05 0.0076 0.25 0.042 0.0008 0.0038 0.0038 1.0e+18 0.05 0.333874049823 2.81573535625e-05 0.061107767012 Wt0.0076Lg0.25Hfin0.042tox0.0008WbR0.0038WbL0.0038Nfin1.0e+18
5.21829349695e-11 5.05535371155e-05 0.0076 0.25 0.042 0.0008 0.0038 0.0038 1.0e+18 0.43 0.311522972168 0.000131051263717 0.0608748618276 Wt0.0076Lg0.25Hfin0.042tox0.0008WbR0.0038WbL0.0038Nfin1.0e+18
2.84244725649e-10 5.17390548314e-05 0.0076 0.05 0.042 0.0008 0.0038 0.0038 1.0e+18 0.05 0.250920492414 8.26582939446e-05 0.0632588247732 Wt0.0076Lg0.05Hfin0.042tox0.0008WbR0.0038WbL0.0038Nfin1.0e+18
3.16718222544e-10 9.35493383772e-05 0.0076 0.05 0.042 0.0008 0.0038 0.0038 1.0e+18 0.43 0.242814527055 0.00019787928927 0.0628745200525 Wt0.0076Lg0.05Hfin0.042tox0.0008WbR0.0038WbL0.0038Nfin1.0e+18
3.36981752013e-10 9.59139170538e-05 0.0076 0.05 0.042 0.0008 0.0038 0.0038 1.0e+18 0.86 0.240370522961 0.000202403931022 0.0628894692515 Wt0.0076Lg0.05Hfin0.042tox0.0008WbR0.0038WbL0.0038Nfin1.0e+18
5.2860922474e-11 5.19569342381e-05 0.0076 0.25 0.042 0.0008 0.0038 0.0038 1.0e+18 0.86 0.310657187224 0.000134201498196 0.0608599397706 Wt0.0076Lg0.25Hfin0.042tox0.0008WbR0.0038WbL0.0038Nfin1.0e+18
1.14614719227e-11 4.56960542368e-06 0.0076 1.0 0.042 0.0008 0.0038 0.0038 1.0e+18 0.05 0.477888493749 8.43810568796e-06 0.0608444979546 Wt0.0076Lg1.0Hfin0.042tox0.0008WbR0.0038WbL0.0038Nfin1.0e+18
1.32050082716e-11 2.07323821976e-05 0.0076 1.0 0.042 0.0008 0.0038 0.0038 1.0e+18 0.43 0.394222273811 5.85271342066e-05 0.060582390189 Wt0.0076Lg1.0Hfin0.042tox0.0008WbR0.0038WbL0.0038Nfin1.0e+18
