Ioff Ion Wt Lg Hfin tox WbR WbL Nfin vd Vth gmax SS filename
1.26416071989e-08 0.000119217745676 0.0070629380712 0.0182784052069 0.0394826540573 0.00074062204416 0.00799525839613 0.0074938483415 5.74412106496e+18 0.43 0.175152048972 0.000222313713069 0.103473344822 Wt0.0070629380712Lg0.0182784052069Hfin0.0394826540573tox0.00074062204416WbR0.00799525839613WbL0.0074938483415Nfin5.74412106496e+18
1.98267865642e-09 9.38513193975e-05 0.00706211178279 0.0211501521854 0.0400537457847 0.000818034400393 0.0074021964802 0.0077912550461 6.25479855929e+18 0.43 0.214438123519 0.000175147225889 0.0771607408014 Wt0.00706211178279Lg0.0211501521854Hfin0.0400537457847tox0.000818034400393WbR0.0074021964802WbL0.0077912550461Nfin6.25479855929e+18
4.16823777987e-09 0.000127681041168 0.00705911062117 0.0200105731705 0.0432908174912 0.000720789596464 0.00742235604596 0.00778898255874 5.98091507342e+18 0.43 0.191362343922 0.000244968194862 0.0807677721982 Wt0.00705911062117Lg0.0200105731705Hfin0.0432908174912tox0.000720789596464WbR0.00742235604596WbL0.00778898255874Nfin5.98091507342e+18
2.61166631717e-09 8.26613210778e-05 0.00705835251742 0.0205369805607 0.0447327513508 0.000831748395364 0.00774004056642 0.00744999411085 6.23583492773e+18 0.43 0.208185069204 0.000136386585075 0.0796516186438 Wt0.00705835251742Lg0.0205369805607Hfin0.0447327513508tox0.000831748395364WbR0.00774004056642WbL0.00744999411085Nfin6.23583492773e+18
4.23941476531e-09 0.000123342365885 0.00705715040486 0.0200356837184 0.0475145750638 0.000806399058253 0.00700492203965 0.00799250755871 5.95312634235e+18 0.43 0.194809721095 0.000239496227001 0.0830346574486 Wt0.00705715040486Lg0.0200356837184Hfin0.0475145750638tox0.000806399058253WbR0.00700492203965WbL0.00799250755871Nfin5.95312634235e+18
4.82303699001e-09 0.000102971900936 0.00705711331424 0.0197284437203 0.0391374498975 0.000823176572514 0.00739673573063 0.00801598760608 6.21316110742e+18 0.43 0.199856150228 0.000199665417453 0.0887002668214 Wt0.00705711331424Lg0.0197284437203Hfin0.0391374498975tox0.000823176572514WbR0.00739673573063WbL0.00801598760608Nfin6.21316110742e+18
8.1873115984e-09 0.000119804934499 0.00705115866357 0.0192187430196 0.0413922459829 0.000758154762717 0.00816018819566 0.00768260236212 5.9288073302e+18 0.43 0.183757622798 0.000226682239427 0.0942353226957 Wt0.00705115866357Lg0.0192187430196Hfin0.0413922459829tox0.000758154762717WbR0.00816018819566WbL0.00768260236212Nfin5.9288073302e+18
5.32239965192e-09 0.00012058374957 0.00704814777859 0.0195250107817 0.04008563838 0.000719503744794 0.00794632234059 0.00720230421499 6.35128546071e+18 0.43 0.190597669348 0.000230106220846 0.0859743849086 Wt0.00704814777859Lg0.0195250107817Hfin0.04008563838tox0.000719503744794WbR0.00794632234059WbL0.00720230421499Nfin6.35128546071e+18
3.52811501718e-09 0.000123180667488 0.007047501499 0.0199756753393 0.0439652757064 0.000750804390241 0.00760434952511 0.00825406350455 6.18057861421e+18 0.43 0.197602348767 0.00024006541632 0.080386308465 Wt0.007047501499Lg0.0199756753393Hfin0.0439652757064tox0.000750804390241WbR0.00760434952511WbL0.00825406350455Nfin6.18057861421e+18
1.09888023484e-08 0.00014038219157 0.00704235074903 0.0194271946457 0.0449172821035 0.000704753481153 0.0078951555579 0.00737924762742 5.64492351131e+18 0.43 0.171448077694 0.00026081840216 0.09492814874 Wt0.00704235074903Lg0.0194271946457Hfin0.0449172821035tox0.000704753481153WbR0.0078951555579WbL0.00737924762742Nfin5.64492351131e+18
2.80044235586e-09 7.7820822124e-05 0.00704174643624 0.0202992916109 0.0451339960875 0.000747330569692 0.00780700135606 0.00773028233095 6.42019409654e+18 0.43 0.201874192077 0.000117885216666 0.0780827171588 Wt0.00704174643624Lg0.0202992916109Hfin0.0451339960875tox0.000747330569692WbR0.00780700135606WbL0.00773028233095Nfin6.42019409654e+18
3.4283130707e-09 7.36427360555e-05 0.00703990771804 0.0203356372228 0.0412074747237 0.000761301152039 0.00746758013334 0.00709479582202 5.97960023617e+18 0.43 0.198118853354 0.000113390625531 0.0803639216085 Wt0.00703990771804Lg0.0203356372228Hfin0.0412074747237tox0.000761301152039WbR0.00746758013334WbL0.00709479582202Nfin5.97960023617e+18
5.37168767533e-09 0.000114943394997 0.00703982828736 0.0196208738168 0.0419681442088 0.000784375738671 0.00840721613114 0.00722157771193 6.29069348757e+18 0.43 0.194253699044 0.000221498547331 0.0883511517637 Wt0.00703982828736Lg0.0196208738168Hfin0.0419681442088tox0.000784375738671WbR0.00840721613114WbL0.00722157771193Nfin6.29069348757e+18
3.96700488247e-09 0.000104579065517 0.00703950109088 0.0199923526146 0.0398983873004 0.000819709839302 0.00684938783822 0.00702856086293 5.79653161887e+18 0.43 0.198600681116 0.000202720186323 0.0835938318211 Wt0.00703950109088Lg0.0199923526146Hfin0.0398983873004tox0.000819709839302WbR0.00684938783822WbL0.00702856086293Nfin5.79653161887e+18
3.33562262863e-09 9.51781005495e-05 0.00703691673386 0.0201676759815 0.0413156399814 0.000832659057803 0.00801070684908 0.00730967430848 5.9519545713e+18 0.43 0.204019468444 0.000161579293494 0.0827165761444 Wt0.00703691673386Lg0.0201676759815Hfin0.0413156399814tox0.000832659057803WbR0.00801070684908WbL0.00730967430848Nfin5.9519545713e+18
4.78079469642e-09 0.000111442618324 0.00703535441079 0.0209977124642 0.0447992213158 0.000756908546744 0.0079641819399 0.00806535599632 5.40560403835e+18 0.43 0.188245295126 0.00019771708457 0.0829782825779 Wt0.00703535441079Lg0.0209977124642Hfin0.0447992213158tox0.000756908546744WbR0.0079641819399WbL0.00806535599632Nfin5.40560403835e+18
6.44893044701e-09 0.000101628064408 0.00703506448014 0.0187740574716 0.0408399865784 0.00086404606509 0.00826279164776 0.00738626742771 6.29850278906e+18 0.43 0.197783645994 0.000197294788526 0.0948357556864 Wt0.00703506448014Lg0.0187740574716Hfin0.0408399865784tox0.00086404606509WbR0.00826279164776WbL0.00738626742771Nfin6.29850278906e+18
5.27640154407e-09 0.000119446291504 0.00703234829335 0.0196656017149 0.0421447522951 0.000762297981719 0.00778160146435 0.00716061778616 6.33824232134e+18 0.43 0.192519490197 0.000229259695778 0.0864084324413 Wt0.00703234829335Lg0.0196656017149Hfin0.0421447522951tox0.000762297981719WbR0.00778160146435WbL0.00716061778616Nfin6.33824232134e+18
8.76860537259e-09 0.000115485578286 0.007030872369 0.0190788559304 0.0399536383871 0.000765889177067 0.00748272436169 0.00734663423513 5.8312111209e+18 0.43 0.182604278001 0.00021792744131 0.0952880621592 Wt0.007030872369Lg0.0190788559304Hfin0.0399536383871tox0.000765889177067WbR0.00748272436169WbL0.00734663423513Nfin5.8312111209e+18
2.600802579e-09 6.21270345076e-05 0.00702878930032 0.0202464354438 0.0419996436934 0.00088257869558 0.00728963038216 0.0072384396366 6.19717490478e+18 0.43 0.212382325371 8.60950443208e-05 0.0808132184189 Wt0.00702878930032Lg0.0202464354438Hfin0.0419996436934tox0.00088257869558WbR0.00728963038216WbL0.0072384396366Nfin6.19717490478e+18
1.04099285836e-08 0.00010772411038 0.00702774559569 0.0190059218058 0.0412588693045 0.000847290133198 0.00714235739705 0.00740459742728 5.65793261745e+18 0.43 0.182990559228 0.000203722658274 0.102873346328 Wt0.00702774559569Lg0.0190059218058Hfin0.0412588693045tox0.000847290133198WbR0.00714235739705WbL0.00740459742728Nfin5.65793261745e+18
4.34693099847e-09 9.44529383244e-05 0.00702697681363 0.0192203738312 0.0401282374827 0.000901765919361 0.00735957948297 0.00786440373738 6.51368696703e+18 0.43 0.208601458532 0.00018676251137 0.0896906317368 Wt0.00702697681363Lg0.0192203738312Hfin0.0401282374827tox0.000901765919361WbR0.00735957948297WbL0.00786440373738Nfin6.51368696703e+18
2.61317486451e-09 9.29871457255e-05 0.00702618704765 0.0209766183731 0.0437962532819 0.000866155024324 0.00763562316656 0.00732031711852 5.98628846383e+18 0.43 0.209259169921 0.000165129141937 0.0800307838061 Wt0.00702618704765Lg0.0209766183731Hfin0.0437962532819tox0.000866155024324WbR0.00763562316656WbL0.00732031711852Nfin5.98628846383e+18
3.12119498868e-09 8.51873042456e-05 0.00702487437369 0.0205098219684 0.0462641805635 0.000823771577045 0.00768984328634 0.00750372335667 6.07799462184e+18 0.43 0.202857531935 0.000139357251084 0.0804017413011 Wt0.00702487437369Lg0.0205098219684Hfin0.0462641805635tox0.000823771577045WbR0.00768984328634WbL0.00750372335667Nfin6.07799462184e+18
3.05423847596e-09 7.70214875224e-05 0.00702419543488 0.0205239770604 0.0410995762295 0.000825580320844 0.0080706208636 0.00804952188469 5.90708796111e+18 0.43 0.205524835911 0.000126683490833 0.0809941727075 Wt0.00702419543488Lg0.0205239770604Hfin0.0410995762295tox0.000825580320844WbR0.0080706208636WbL0.00804952188469Nfin5.90708796111e+18
5.07404491091e-09 0.000105709456331 0.00702305154185 0.0196112736707 0.0434964971515 0.000875389412493 0.00771061209858 0.00652569948353 6.30638573908e+18 0.43 0.199964313543 0.000206223841808 0.0893827115396 Wt0.00702305154185Lg0.0196112736707Hfin0.0434964971515tox0.000875389412493WbR0.00771061209858WbL0.00652569948353Nfin6.30638573908e+18
4.4576227031e-09 0.000100329707001 0.00702271295808 0.0197307357804 0.036885977709 0.000808293213242 0.00770952631727 0.00788661517776 6.25623011999e+18 0.43 0.201669550006 0.000194414107963 0.0881200244962 Wt0.00702271295808Lg0.0197307357804Hfin0.036885977709tox0.000808293213242WbR0.00770952631727WbL0.00788661517776Nfin6.25623011999e+18
2.96007719659e-09 0.000110697174324 0.00702064402802 0.0212419846549 0.0450178192496 0.000792887501213 0.00785979234434 0.00720586087241 5.90692594589e+18 0.43 0.201097196645 0.000206601071961 0.0783336543449 Wt0.00702064402802Lg0.0212419846549Hfin0.0450178192496tox0.000792887501213WbR0.00785979234434WbL0.00720586087241Nfin5.90692594589e+18
4.43670440422e-09 7.20498871987e-05 0.007020461143 0.0202216309368 0.0446209135655 0.000779319317843 0.00763144299735 0.00793519388539 5.74354960562e+18 0.43 0.192830827045 9.89522771508e-05 0.0832520272571 Wt0.007020461143Lg0.0202216309368Hfin0.0446209135655tox0.000779319317843WbR0.00763144299735WbL0.00793519388539Nfin5.74354960562e+18
3.08436634562e-09 0.000104248674769 0.00702004174842 0.0198565347119 0.040243969026 0.000815124080165 0.00764775903735 0.00674285257145 6.34287225099e+18 0.43 0.20601452786 0.0002046412287 0.0811859439198 Wt0.00702004174842Lg0.0198565347119Hfin0.040243969026tox0.000815124080165WbR0.00764775903735WbL0.00674285257145Nfin6.34287225099e+18
1.82007577076e-08 0.000120211207438 0.00701852580068 0.0187280722022 0.0450817028092 0.000836207474014 0.00794812904692 0.00758232375705 5.30115021999e+18 0.43 0.16906032827 0.000223435455434 0.115103095272 Wt0.00701852580068Lg0.0187280722022Hfin0.0450817028092tox0.000836207474014WbR0.00794812904692WbL0.00758232375705Nfin5.30115021999e+18
2.79132151239e-09 0.00010073218526 0.00701786187846 0.0211040445299 0.043406909746 0.000821318121793 0.0067894929583 0.00753871546901 5.94197774241e+18 0.43 0.204421947934 0.000184481156524 0.0795413769734 Wt0.00701786187846Lg0.0211040445299Hfin0.043406909746tox0.000821318121793WbR0.0067894929583WbL0.00753871546901Nfin5.94197774241e+18
1.50924267289e-09 0.000101221564638 0.00701665723185 0.0220288155512 0.03925638891 0.000780360537112 0.00740413686333 0.00747444603384 6.44530683643e+18 0.43 0.217629994922 0.000203324620414 0.0740645109306 Wt0.00701665723185Lg0.0220288155512Hfin0.03925638891tox0.000780360537112WbR0.00740413686333WbL0.00747444603384Nfin6.44530683643e+18
1.04075463143e-08 0.000104059767617 0.0070166197591 0.0182907911382 0.0389411791555 0.000827274349496 0.0077552100714 0.00843994736422 5.90048185022e+18 0.43 0.186207884394 0.00019772577038 0.103699934996 Wt0.0070166197591Lg0.0182907911382Hfin0.0389411791555tox0.000827274349496WbR0.0077552100714WbL0.00843994736422Nfin5.90048185022e+18
7.22474233257e-09 0.000105002195608 0.00701573699482 0.0186894824611 0.0394569866219 0.00082135450928 0.00676617353604 0.00760936076856 6.17426019703e+18 0.43 0.191680166714 0.000201151535294 0.0949631813764 Wt0.00701573699482Lg0.0186894824611Hfin0.0394569866219tox0.00082135450928WbR0.00676617353604WbL0.00760936076856Nfin6.17426019703e+18
5.37858770287e-09 7.60913936416e-05 0.00700860443399 0.020409210471 0.0423356485211 0.000823212280057 0.00831613415474 0.00756377425243 5.310943143e+18 0.43 0.191069816861 0.000117216106795 0.0880683808126 Wt0.00700860443399Lg0.020409210471Hfin0.0423356485211tox0.000823212280057WbR0.00831613415474WbL0.00756377425243Nfin5.310943143e+18
7.52190497341e-09 0.000125584536069 0.00700722737496 0.0192034182294 0.0466046853547 0.000794262566012 0.00717740096049 0.00800709669271 6.1804468636e+18 0.43 0.186159450728 0.00024035748628 0.0920454726978 Wt0.00700722737496Lg0.0192034182294Hfin0.0466046853547tox0.000794262566012WbR0.00717740096049WbL0.00800709669271Nfin6.1804468636e+18
1.21897915849e-08 0.00012280248807 0.00700573109612 0.0188226226626 0.0455081622977 0.000809906062496 0.00865529502629 0.00762733740586 5.73518802067e+18 0.43 0.177505097306 0.000231550453188 0.10319481905 Wt0.00700573109612Lg0.0188226226626Hfin0.0455081622977tox0.000809906062496WbR0.00865529502629WbL0.00762733740586Nfin5.73518802067e+18
7.31361265348e-09 0.000112344900679 0.00700488355419 0.0190694490133 0.0421600380746 0.00081720452097 0.00804844417354 0.00752968763077 6.11359479854e+18 0.43 0.190179501189 0.000214895027995 0.0944202187527 Wt0.00700488355419Lg0.0190694490133Hfin0.0421600380746tox0.00081720452097WbR0.00804844417354WbL0.00752968763077Nfin6.11359479854e+18
3.55090709229e-09 7.65313217768e-05 0.00700069531596 0.0203800462208 0.0407281821155 0.000745196964105 0.00786194999043 0.00805766994416 5.89311376149e+18 0.43 0.197196206531 0.000122139685606 0.0805418801006 Wt0.00700069531596Lg0.0203800462208Hfin0.0407281821155tox0.000745196964105WbR0.00786194999043WbL0.00805766994416Nfin5.89311376149e+18
6.13952197679e-09 0.000115371280485 0.00699970302832 0.0196374861269 0.0397971905107 0.000755405391229 0.0076235884942 0.00771821954654 6.04982650108e+18 0.43 0.189349316954 0.000219986245507 0.0890727315223 Wt0.00699970302832Lg0.0196374861269Hfin0.0397971905107tox0.000755405391229WbR0.0076235884942WbL0.00771821954654Nfin6.04982650108e+18
3.18909753183e-09 7.10509444658e-05 0.00699598933411 0.0203149943865 0.0441040036139 0.000838205676003 0.00797903062899 0.00753393591241 6.0183547895e+18 0.43 0.20435889638 0.000104045071995 0.0811708834543 Wt0.00699598933411Lg0.0203149943865Hfin0.0441040036139tox0.000838205676003WbR0.00797903062899WbL0.00753393591241Nfin6.0183547895e+18
3.34237544499e-09 8.92973187687e-05 0.00699130120547 0.0205448945003 0.0429958090752 0.000753760080941 0.0076432409157 0.00787362555982 6.0109707863e+18 0.43 0.197827962894 0.000151577984106 0.0798628440039 Wt0.00699130120547Lg0.0205448945003Hfin0.0429958090752tox0.000753760080941WbR0.0076432409157WbL0.00787362555982Nfin6.0109707863e+18
6.76134988263e-09 0.000121007601251 0.00698645528595 0.0197910233953 0.0419326264458 0.000757095284464 0.00773498038397 0.00835855345145 5.95511568029e+18 0.43 0.186736358881 0.000230213514045 0.0895702964093 Wt0.00698645528595Lg0.0197910233953Hfin0.0419326264458tox0.000757095284464WbR0.00773498038397WbL0.00835855345145Nfin5.95511568029e+18
2.17006126467e-09 9.9734592135e-05 0.00698430151137 0.0215396967066 0.0426234936626 0.000851351787627 0.00724501711387 0.00749194948062 6.05523083164e+18 0.43 0.212095191763 0.000194614132742 0.0776131631306 Wt0.00698430151137Lg0.0215396967066Hfin0.0426234936626tox0.000851351787627WbR0.00724501711387WbL0.00749194948062Nfin6.05523083164e+18
2.11819051776e-09 9.57822039512e-05 0.00698399102425 0.021255545457 0.0432107256712 0.000867918284466 0.00708707770373 0.007961506974 6.14094650007e+18 0.43 0.214334580037 0.000181178905815 0.0779140109326 Wt0.00698399102425Lg0.021255545457Hfin0.0432107256712tox0.000867918284466WbR0.00708707770373WbL0.007961506974Nfin6.14094650007e+18
6.20966582246e-09 0.000109465014336 0.00697562167234 0.0192712879008 0.0411377923809 0.000813160797382 0.00736933975322 0.00796655797352 6.18470190242e+18 0.43 0.193321769015 0.000210417562208 0.0916303617857 Wt0.00697562167234Lg0.0192712879008Hfin0.0411377923809tox0.000813160797382WbR0.00736933975322WbL0.00796655797352Nfin6.18470190242e+18
1.85234245408e-08 0.000119618626451 0.00697555779934 0.0175520353892 0.0449244009049 0.000821566129525 0.00736526710574 0.00750925193575 5.81517138312e+18 0.43 0.170412093102 0.000222352655676 0.117173734834 Wt0.00697555779934Lg0.0175520353892Hfin0.0449244009049tox0.000821566129525WbR0.00736526710574WbL0.00750925193575Nfin5.81517138312e+18
1.84638823596e-09 8.70528002793e-05 0.00697519284163 0.0212186803536 0.0406770999807 0.000896841705093 0.00764896641401 0.00795979321642 6.17448331413e+18 0.43 0.220872053644 0.000165540174119 0.0779921235599 Wt0.00697519284163Lg0.0212186803536Hfin0.0406770999807tox0.000896841705093WbR0.00764896641401WbL0.00795979321642Nfin6.17448331413e+18
4.29076627773e-09 0.000107999964507 0.00697341216512 0.021214911436 0.045668076886 0.00082831201579 0.00755870523477 0.00784882160707 5.4022763059e+18 0.43 0.193728151936 0.000196498664432 0.0832203574482 Wt0.00697341216512Lg0.021214911436Hfin0.045668076886tox0.00082831201579WbR0.00755870523477WbL0.00784882160707Nfin5.4022763059e+18
6.53687109407e-09 0.000104954743877 0.00697054786858 0.019278970044 0.0411268910399 0.000847742900149 0.00827080748385 0.00765195124876 6.08360004871e+18 0.43 0.194845316646 0.000202513981857 0.0942224609471 Wt0.00697054786858Lg0.019278970044Hfin0.0411268910399tox0.000847742900149WbR0.00827080748385WbL0.00765195124876Nfin6.08360004871e+18
2.32539887072e-09 0.000104034968148 0.00697038748018 0.0216100375085 0.0413103222002 0.000800613417185 0.00744394803349 0.00755223247322 5.98572655786e+18 0.43 0.207771427617 0.00020310764527 0.077297130244 Wt0.00697038748018Lg0.0216100375085Hfin0.0413103222002tox0.000800613417185WbR0.00744394803349WbL0.00755223247322Nfin5.98572655786e+18
3.49449037517e-09 6.66734446406e-05 0.0069676082798 0.0202345506597 0.039896867002 0.000749743649572 0.00785582629706 0.00687668750469 5.95058323761e+18 0.43 0.197656705442 9.56756711208e-05 0.0805168528733 Wt0.0069676082798Lg0.0202345506597Hfin0.039896867002tox0.000749743649572WbR0.00785582629706WbL0.00687668750469Nfin5.95058323761e+18
2.87946912397e-09 8.94421879807e-05 0.00696320357376 0.0207137783732 0.0434777974248 0.000821395856124 0.00776435260649 0.00820604137768 6.00083476325e+18 0.43 0.205409018624 0.000153513222418 0.0801657299924 Wt0.00696320357376Lg0.0207137783732Hfin0.0434777974248tox0.000821395856124WbR0.00776435260649WbL0.00820604137768Nfin6.00083476325e+18
3.76500354816e-09 7.82012340764e-05 0.00696178276471 0.0203650220522 0.0420420948688 0.00077857913236 0.00792580565566 0.00732747457326 5.83354352893e+18 0.43 0.19682009655 0.000121271999463 0.0822677548722 Wt0.00696178276471Lg0.0203650220522Hfin0.0420420948688tox0.00077857913236WbR0.00792580565566WbL0.00732747457326Nfin5.83354352893e+18
8.50584534196e-09 0.000117216667816 0.0069617117059 0.0185604122009 0.0402105126602 0.00075169495478 0.00804721759489 0.00807474311556 6.12507035017e+18 0.43 0.184591406968 0.000221899159799 0.0950836189514 Wt0.0069617117059Lg0.0185604122009Hfin0.0402105126602tox0.00075169495478WbR0.00804721759489WbL0.00807474311556Nfin6.12507035017e+18
2.32124488112e-09 8.75455187468e-05 0.00696150905877 0.020919264803 0.0403615955205 0.000839125702721 0.00744228128965 0.00751783419408 6.09952888515e+18 0.43 0.211793358512 0.000155293125117 0.0783541247056 Wt0.00696150905877Lg0.020919264803Hfin0.0403615955205tox0.000839125702721WbR0.00744228128965WbL0.00751783419408Nfin6.09952888515e+18
8.47830979481e-09 0.000113692097025 0.00695890315258 0.0197166219604 0.0400363853527 0.000780860751834 0.00767581343683 0.00793389291678 5.60133716468e+18 0.43 0.18315211205 0.000214322513106 0.0950418411479 Wt0.00695890315258Lg0.0197166219604Hfin0.0400363853527tox0.000780860751834WbR0.00767581343683WbL0.00793389291678Nfin5.60133716468e+18
1.77240181588e-09 7.67733513335e-05 0.00695796797143 0.0209802479943 0.0328066529334 0.000818900823321 0.00773105936914 0.00729633165088 6.17823748567e+18 0.43 0.220098546144 0.000138843303629 0.0773545191216 Wt0.00695796797143Lg0.0209802479943Hfin0.0328066529334tox0.000818900823321WbR0.00773105936914WbL0.00729633165088Nfin6.17823748567e+18
7.62408164545e-09 0.000114625266017 0.0069562600985 0.0192762464955 0.0403121406534 0.000780449391873 0.00798370366496 0.00749557755047 5.92228253058e+18 0.43 0.186556579499 0.000215555707345 0.094173121397 Wt0.0069562600985Lg0.0192762464955Hfin0.0403121406534tox0.000780449391873WbR0.00798370366496WbL0.00749557755047Nfin5.92228253058e+18
2.59659784928e-09 0.000109495681606 0.00695442141191 0.0212913281436 0.0435559828269 0.000779112667085 0.006851985856 0.00739146011619 6.08066386852e+18 0.43 0.203301644762 0.000207405638566 0.0773538398114 Wt0.00695442141191Lg0.0212913281436Hfin0.0435559828269tox0.000779112667085WbR0.006851985856WbL0.00739146011619Nfin6.08066386852e+18
5.02913190614e-08 0.00012320880733 0.00694967721957 0.0169736173626 0.0450622368703 0.000796456453826 0.00754438070348 0.00759695991997 5.02855003375e+18 0.43 0.14505423889 0.000217855588246 0.166390561778 Wt0.00694967721957Lg0.0169736173626Hfin0.0450622368703tox0.000796456453826WbR0.00754438070348WbL0.00759695991997Nfin5.02855003375e+18
6.83185056135e-09 0.000123542935004 0.00694854507724 0.019276363143 0.0454257178392 0.000786846542874 0.00759800189305 0.00744285672857 6.23856979922e+18 0.43 0.187776844253 0.000236415588382 0.0911221488407 Wt0.00694854507724Lg0.019276363143Hfin0.0454257178392tox0.000786846542874WbR0.00759800189305WbL0.00744285672857Nfin6.23856979922e+18
3.54532058887e-09 0.000101321499625 0.00694746608015 0.0201845288039 0.0432516621608 0.000834281040202 0.00778533748687 0.00784513332207 5.9283769441e+18 0.43 0.201673912153 0.000175763711804 0.0830011808753 Wt0.00694746608015Lg0.0201845288039Hfin0.0432516621608tox0.000834281040202WbR0.00778533748687WbL0.00784513332207Nfin5.9283769441e+18
1.23765966547e-08 0.000102914621984 0.00694739355368 0.0188396338373 0.0368333540517 0.000817585299858 0.00687967905228 0.00772132904335 5.36407090054e+18 0.43 0.178586053066 0.000192048932126 0.108364626453 Wt0.00694739355368Lg0.0188396338373Hfin0.0368333540517tox0.000817585299858WbR0.00687967905228WbL0.00772132904335Nfin5.36407090054e+18
3.14589407867e-09 8.53203797457e-05 0.00694660309578 0.0206111472104 0.0448021199071 0.000845867945167 0.0077017302887 0.00761645385387 5.94179978776e+18 0.43 0.204068043451 0.000142035813525 0.0809297172007 Wt0.00694660309578Lg0.0206111472104Hfin0.0448021199071tox0.000845867945167WbR0.0077017302887WbL0.00761645385387Nfin5.94179978776e+18
2.79988712191e-09 9.54505953523e-05 0.00694578916662 0.0201481504822 0.0416052288799 0.00082966317686 0.00776455751076 0.00745658730976 6.21432418143e+18 0.43 0.207824410273 0.000162637397307 0.0804705264472 Wt0.00694578916662Lg0.0201481504822Hfin0.0416052288799tox0.00082966317686WbR0.00776455751076WbL0.00745658730976Nfin6.21432418143e+18
2.75504532303e-09 9.85122976012e-05 0.00694570489602 0.0206695096397 0.0419702992367 0.000713887113909 0.00715353417002 0.00738673927423 6.31373448708e+18 0.43 0.199662370791 0.000174606290764 0.0769974863666 Wt0.00694570489602Lg0.0206695096397Hfin0.0419702992367tox0.000713887113909WbR0.00715353417002WbL0.00738673927423Nfin6.31373448708e+18
3.53190391719e-09 0.000106445291868 0.00694498843452 0.0207412551357 0.0479656565669 0.000764945448623 0.00752970629307 0.00740883012922 6.0037451665e+18 0.43 0.195232210671 0.000186663085955 0.0797339297606 Wt0.00694498843452Lg0.0207412551357Hfin0.0479656565669tox0.000764945448623WbR0.00752970629307WbL0.00740883012922Nfin6.0037451665e+18
2.92358981627e-09 0.00010044975534 0.0069447094758 0.0200489889038 0.0398747241787 0.000837783532544 0.00788138353178 0.00796853426708 6.09942792316e+18 0.43 0.208346889815 0.000198491747413 0.0812000625415 Wt0.0069447094758Lg0.0200489889038Hfin0.0398747241787tox0.000837783532544WbR0.00788138353178WbL0.00796853426708Nfin6.09942792316e+18
3.87643157285e-09 0.00010333305711 0.00693935352291 0.0201984633301 0.045925189164 0.000850546211676 0.00704894123812 0.00801954626979 5.87940360885e+18 0.43 0.199531437847 0.000177061126166 0.0833876483155 Wt0.00693935352291Lg0.0201984633301Hfin0.045925189164tox0.000850546211676WbR0.00704894123812WbL0.00801954626979Nfin5.87940360885e+18
7.14066480744e-09 0.000122935086773 0.0069380473091 0.0195771247218 0.0420465275947 0.000747126555154 0.00801517841469 0.00704381620134 5.9892877046e+18 0.43 0.184471955283 0.000232692123821 0.0909722503865 Wt0.0069380473091Lg0.0195771247218Hfin0.0420465275947tox0.000747126555154WbR0.00801517841469WbL0.00704381620134Nfin5.9892877046e+18
9.12804269977e-09 0.000118388197556 0.00693471894807 0.01953515339 0.0434873840766 0.000807748303593 0.00780847586931 0.00654474681808 5.68637220858e+18 0.43 0.181306792122 0.000223227733322 0.0969248680828 Wt0.00693471894807Lg0.01953515339Hfin0.0434873840766tox0.000807748303593WbR0.00780847586931WbL0.00654474681808Nfin5.68637220858e+18
2.88995741164e-09 8.80892776217e-05 0.00693061530207 0.0205250992825 0.0428321786766 0.000763881579493 0.00771731845155 0.00743208469219 6.20261646944e+18 0.43 0.2018443201 0.000148156598652 0.0782124325749 Wt0.00693061530207Lg0.0205250992825Hfin0.0428321786766tox0.000763881579493WbR0.00771731845155WbL0.00743208469219Nfin6.20261646944e+18
5.51532298082e-09 0.000108051816555 0.00692524965514 0.0197733409684 0.0384086183606 0.000779527441496 0.00768602890661 0.00728493601716 6.04594671586e+18 0.43 0.193276918042 0.00020669498883 0.088813315272 Wt0.00692524965514Lg0.0197733409684Hfin0.0384086183606tox0.000779527441496WbR0.00768602890661WbL0.00728493601716Nfin6.04594671586e+18
1.52553297922e-09 9.16124824701e-05 0.0069241921472 0.0211983087677 0.0438672070481 0.000897258915699 0.00764884444966 0.007910004155 6.54755085282e+18 0.43 0.224769032228 0.000176129403592 0.0767586200814 Wt0.0069241921472Lg0.0211983087677Hfin0.0438672070481tox0.000897258915699WbR0.00764884444966WbL0.007910004155Nfin6.54755085282e+18
3.76113276974e-09 7.40243503057e-05 0.00692346864262 0.0203589580703 0.0443350006513 0.000869858321079 0.00701449276166 0.00817354256221 5.76242901336e+18 0.43 0.201636998703 0.000109511911773 0.0836917385692 Wt0.00692346864262Lg0.0203589580703Hfin0.0443350006513tox0.000869858321079WbR0.00701449276166WbL0.00817354256221Nfin5.76242901336e+18
8.17315241321e-09 0.000111752494926 0.00692313827654 0.0193026424405 0.0394862350831 0.000781385111267 0.00798844753276 0.00713355337304 5.78666626018e+18 0.43 0.18487753566 0.000211118330357 0.0949543369135 Wt0.00692313827654Lg0.0193026424405Hfin0.0394862350831tox0.000781385111267WbR0.00798844753276WbL0.00713355337304Nfin5.78666626018e+18
5.08595311164e-09 1.62182959747e-06 0.00691894848363 0.0205298442115 0.0444555281618 0.000816908075905 0.00758199865636 0.00779406806628 5.40806689035e+18 0.43 0.190654266927 3.41193677577e-05 0.0790051937681 Wt0.00691894848363Lg0.0205298442115Hfin0.0444555281618tox0.000816908075905WbR0.00758199865636WbL0.00779406806628Nfin5.40806689035e+18
3.39851774464e-09 9.48933346366e-05 0.00691774801388 0.0201637339432 0.0409711650542 0.000837617398113 0.00749221323693 0.00690586971187 5.93076459789e+18 0.43 0.20310556859 0.0001633584202 0.0827649259294 Wt0.00691774801388Lg0.0201637339432Hfin0.0409711650542tox0.000837617398113WbR0.00749221323693WbL0.00690586971187Nfin5.93076459789e+18
7.51678776497e-09 0.000112867602133 0.0069154014076 0.0193867362192 0.040489346837 0.000786407860148 0.00815588637695 0.00696197353742 5.89382516983e+18 0.43 0.186660744211 0.000214353657785 0.0940266639433 Wt0.0069154014076Lg0.0193867362192Hfin0.040489346837tox0.000786407860148WbR0.00815588637695WbL0.00696197353742Nfin5.89382516983e+18
2.17756628247e-09 0.0001134839906 0.00691422765086 0.0217237618086 0.0452463594873 0.000793772028292 0.00728113995324 0.00746632930995 6.20089978912e+18 0.43 0.20757362703 0.000223767770579 0.075552412933 Wt0.00691422765086Lg0.0217237618086Hfin0.0452463594873tox0.000793772028292WbR0.00728113995324WbL0.00746632930995Nfin6.20089978912e+18
8.4438208382e-09 0.000126264306566 0.00691417966362 0.0195587597828 0.0472516205514 0.000805182416119 0.00763099006672 0.00720529008473 5.90545462206e+18 0.43 0.18246422347 0.000239854651758 0.094204048994 Wt0.00691417966362Lg0.0195587597828Hfin0.0472516205514tox0.000805182416119WbR0.00763099006672WbL0.00720529008473Nfin5.90545462206e+18
8.74308612618e-09 0.000111139794643 0.00691087113603 0.0178112649513 0.0403814327558 0.000785128682867 0.00821160007479 0.00762547476524 6.4350451624e+18 0.43 0.187870444162 0.000211737122068 0.0978699588039 Wt0.00691087113603Lg0.0178112649513Hfin0.0403814327558tox0.000785128682867WbR0.00821160007479WbL0.00762547476524Nfin6.4350451624e+18
2.64135096758e-09 8.99177083533e-05 0.00690555668652 0.0208258365202 0.0420718874494 0.000827290126264 0.00751528185348 0.00807257891997 6.04113862855e+18 0.43 0.207725598703 0.00015694488491 0.0797433112385 Wt0.00690555668652Lg0.0208258365202Hfin0.0420718874494tox0.000827290126264WbR0.00751528185348WbL0.00807257891997Nfin6.04113862855e+18
8.70447187619e-09 0.000119851496926 0.0069034733922 0.0189032346931 0.0422847118225 0.00077346610251 0.00806999272912 0.00731437092985 6.01400521416e+18 0.43 0.183177677077 0.000226470811102 0.0950336220082 Wt0.0069034733922Lg0.0189032346931Hfin0.0422847118225tox0.00077346610251WbR0.00806999272912WbL0.00731437092985Nfin6.01400521416e+18
2.39792767262e-09 6.3723672266e-05 0.00690031847782 0.0202450251675 0.040592293376 0.000801401780338 0.00738971186146 0.0075775219973 6.40147110501e+18 0.43 0.209990973526 9.09510876274e-05 0.0782157415725 Wt0.00690031847782Lg0.0202450251675Hfin0.040592293376tox0.000801401780338WbR0.00738971186146WbL0.0075775219973Nfin6.40147110501e+18
6.51461524747e-09 0.000110439122746 0.00689826466361 0.0191858826306 0.0408886731858 0.000803543287084 0.00798318745504 0.0069743981947 6.15768829246e+18 0.43 0.191523259371 0.000211734825363 0.0918661133265 Wt0.00689826466361Lg0.0191858826306Hfin0.0408886731858tox0.000803543287084WbR0.00798318745504WbL0.0069743981947Nfin6.15768829246e+18
6.11841771011e-09 0.000108564651076 0.0068964663504 0.0192309884746 0.0435553218752 0.000857271311953 0.00774519091547 0.0080594126795 6.25257495436e+18 0.43 0.196208732799 0.00021058468907 0.092199545488 Wt0.0068964663504Lg0.0192309884746Hfin0.0435553218752tox0.000857271311953WbR0.00774519091547WbL0.0080594126795Nfin6.25257495436e+18
2.1990209293e-09 0.000105389216394 0.0068940558347 0.0217361863618 0.04354451321 0.000828710457378 0.00717508116114 0.00703019613871 6.0591137941e+18 0.43 0.209486059396 0.000207727786791 0.0770812257395 Wt0.0068940558347Lg0.0217361863618Hfin0.04354451321tox0.000828710457378WbR0.00717508116114WbL0.00703019613871Nfin6.0591137941e+18
7.15500192875e-09 0.000122540658636 0.00689293143791 0.0191178397155 0.044196927537 0.000777335416761 0.00746342170362 0.00755413802491 6.212473555e+18 0.43 0.186732908743 0.000233891006787 0.0915843131495 Wt0.00689293143791Lg0.0191178397155Hfin0.044196927537tox0.000777335416761WbR0.00746342170362WbL0.00755413802491Nfin6.212473555e+18
1.18024517252e-08 0.00012620550453 0.00689140829417 0.0184475404358 0.0426722645205 0.000746868242598 0.00774257039617 0.00746521764003 5.88376745148e+18 0.43 0.175215773692 0.000235742459876 0.10042562888 Wt0.00689140829417Lg0.0184475404358Hfin0.0426722645205tox0.000746868242598WbR0.00774257039617WbL0.00746521764003Nfin5.88376745148e+18
4.0571746643e-09 0.000107806662129 0.00689047162693 0.0208758064232 0.0449961690552 0.000749277024287 0.00816673683264 0.00792095378443 5.68117326993e+18 0.43 0.191851852547 0.000190226228536 0.0806820036588 Wt0.00689047162693Lg0.0208758064232Hfin0.0449961690552tox0.000749277024287WbR0.00816673683264WbL0.00792095378443Nfin5.68117326993e+18
2.55552292271e-09 0.000105688827011 0.00688850145361 0.0199373596407 0.0422275413598 0.000833454676826 0.00763568462449 0.00757396521657 6.61996077888e+18 0.43 0.211401606913 0.000209736064278 0.0801978881917 Wt0.00688850145361Lg0.0199373596407Hfin0.0422275413598tox0.000833454676826WbR0.00763568462449WbL0.00757396521657Nfin6.61996077888e+18
3.43265883074e-09 9.38105443351e-05 0.00688815269067 0.0209798887699 0.0389339271147 0.000785544533416 0.00858051350523 0.00705840332816 5.58293593357e+18 0.43 0.199428772895 0.000167461134036 0.0809180746878 Wt0.00688815269067Lg0.0209798887699Hfin0.0389339271147tox0.000785544533416WbR0.00858051350523WbL0.00705840332816Nfin5.58293593357e+18
2.64726715739e-09 0.000102525432651 0.00688683455639 0.021425618652 0.0433064715427 0.000835581269575 0.00780017906513 0.0075482208767 5.85513668017e+18 0.43 0.206438083723 0.00019665163492 0.0794710366266 Wt0.00688683455639Lg0.021425618652Hfin0.0433064715427tox0.000835581269575WbR0.00780017906513WbL0.0075482208767Nfin5.85513668017e+18
7.09477095971e-09 0.000120288522883 0.00688476561923 0.0196639211428 0.0400010489887 0.000731883111936 0.00791637347375 0.00739299294334 5.88604519326e+18 0.43 0.184176000712 0.000227184625816 0.0909503522407 Wt0.00688476561923Lg0.0196639211428Hfin0.0400010489887tox0.000731883111936WbR0.00791637347375WbL0.00739299294334Nfin5.88604519326e+18
1.19819613343e-08 0.000127413193435 0.00688291761613 0.0188678716038 0.0448106390839 0.000772933343866 0.00790172049558 0.0076649448682 5.72068081749e+18 0.43 0.174928578473 0.000238604914381 0.100634599909 Wt0.00688291761613Lg0.0188678716038Hfin0.0448106390839tox0.000772933343866WbR0.00790172049558WbL0.0076649448682Nfin5.72068081749e+18
4.05063619089e-09 7.28088775329e-05 0.00688164753559 0.0203114009228 0.0425984208225 0.000789698054707 0.00798911022623 0.00745591627382 5.76217504551e+18 0.43 0.195724670806 0.000107762398184 0.0829454930784 Wt0.00688164753559Lg0.0203114009228Hfin0.0425984208225tox0.000789698054707WbR0.00798911022623WbL0.00745591627382Nfin5.76217504551e+18
4.95671264455e-09 0.000115516290035 0.00688116496161 0.0196751980282 0.0410604759319 0.000765689740405 0.00770600245437 0.00776881216085 6.35771552795e+18 0.43 0.194664075013 0.000222736417485 0.0862295053866 Wt0.00688116496161Lg0.0196751980282Hfin0.0410604759319tox0.000765689740405WbR0.00770600245437WbL0.00776881216085Nfin6.35771552795e+18
2.36276386756e-09 0.000111437376041 0.00688022563383 0.0215437258313 0.0423570032199 0.000765463155979 0.0078026447717 0.00770517823406 6.10210886514e+18 0.43 0.205362235636 0.000216525165908 0.0767851361919 Wt0.00688022563383Lg0.0215437258313Hfin0.0423570032199tox0.000765463155979WbR0.0078026447717WbL0.00770517823406Nfin6.10210886514e+18
5.54630296862e-09 0.00011390335605 0.006871915456 0.0197434440795 0.0403674462467 0.000768443137932 0.00699419503081 0.00723057161556 6.15768872727e+18 0.43 0.191223015505 0.000217773730158 0.0881538346413 Wt0.006871915456Lg0.0197434440795Hfin0.0403674462467tox0.000768443137932WbR0.00699419503081WbL0.00723057161556Nfin6.15768872727e+18
6.70962668836e-09 0.000109842214715 0.00687050460862 0.0192686921353 0.0450297221829 0.000874926977031 0.00766610720195 0.00779607537405 6.1608012178e+18 0.43 0.194181000645 0.000212660094348 0.0942796960265 Wt0.00687050460862Lg0.0192686921353Hfin0.0450297221829tox0.000874926977031WbR0.00766610720195WbL0.00779607537405Nfin6.1608012178e+18
1.61227149391e-09 1.61227149391e-09 0.00687017982813 0.0201704041 0.043376738328 0.000879731020788 0.00735963252326 0.00783974806047 6.01781887067e+18 0.43 0.0 0 0 Wt0.00687017982813Lg0.0201704041Hfin0.043376738328tox0.000879731020788WbR0.00735963252326WbL0.00783974806047Nfin6.01781887067e+18
2.5326563297e-09 7.81629759975e-05 0.00686862685252 0.0203831094331 0.0433745814989 0.000768111399825 0.00701666875494 0.0077596203522 6.45310732995e+18 0.43 0.205281288481 0.000124270412765 0.0775519154358 Wt0.00686862685252Lg0.0203831094331Hfin0.0433745814989tox0.000768111399825WbR0.00701666875494WbL0.0077596203522Nfin6.45310732995e+18
7.15099412809e-09 0.000122166816251 0.00686848956644 0.0183695099389 0.0429647245023 0.000756654899633 0.00839044921757 0.00693033797787 6.5700686185e+18 0.43 0.18787773891 0.000232574978165 0.0917021669862 Wt0.00686848956644Lg0.0183695099389Hfin0.0429647245023tox0.000756654899633WbR0.00839044921757WbL0.00693033797787Nfin6.5700686185e+18
4.38463548288e-09 0.000113947509058 0.00686757512508 0.0198088287502 0.0418950786373 0.000788296098649 0.00771235005318 0.00726944476356 6.00656486617e+18 0.43 0.195375871459 0.000219565627983 0.0838160692078 Wt0.00686757512508Lg0.0198088287502Hfin0.0418950786373tox0.000788296098649WbR0.00771235005318WbL0.00726944476356Nfin6.00656486617e+18
2.61221872223e-09 7.58977158129e-05 0.00686542556486 0.0206019037309 0.0392789984944 0.000834995933902 0.00757369706832 0.00723710049978 6.03257377399e+18 0.43 0.209198804181 0.000127239427051 0.0800811757007 Wt0.00686542556486Lg0.0206019037309Hfin0.0392789984944tox0.000834995933902WbR0.00757369706832WbL0.00723710049978Nfin6.03257377399e+18
1.06818043285e-08 0.000112897074295 0.00686464129999 0.0185469122073 0.0459891472414 0.000878657245574 0.00713925482739 0.00743675851117 5.9683266586e+18 0.43 0.183960289744 0.000215321842127 0.103135095223 Wt0.00686464129999Lg0.0185469122073Hfin0.0459891472414tox0.000878657245574WbR0.00713925482739WbL0.00743675851117Nfin5.9683266586e+18
8.59311828335e-09 0.000122390479221 0.00686389140954 0.0191614592273 0.0432413114212 0.000769532118496 0.00713291594083 0.00800651786404 5.9390872339e+18 0.43 0.182075357975 0.000230938607328 0.0945096176591 Wt0.00686389140954Lg0.0191614592273Hfin0.0432413114212tox0.000769532118496WbR0.00713291594083WbL0.00800651786404Nfin5.9390872339e+18
2.76813087791e-09 9.83257820348e-05 0.00686343875834 0.0212801809227 0.0428415994486 0.000856368951616 0.0081757473855 0.00751337385226 5.80082768844e+18 0.43 0.207095466465 0.000183907010221 0.0802100743584 Wt0.00686343875834Lg0.0212801809227Hfin0.0428415994486tox0.000856368951616WbR0.0081757473855WbL0.00751337385226Nfin5.80082768844e+18
6.78079381948e-09 0.000119802504101 0.00686304780564 0.0195998963225 0.0415774006323 0.00075677165446 0.00749997860156 0.00683795649873 6.02048466754e+18 0.43 0.185655188198 0.000227018381418 0.0894147623797 Wt0.00686304780564Lg0.0195998963225Hfin0.0415774006323tox0.00075677165446WbR0.00749997860156WbL0.00683795649873Nfin6.02048466754e+18
6.83301418664e-09 0.000118541058211 0.00686116431949 0.0193582865993 0.0425983994119 0.000780769734528 0.00799569164492 0.00722278664373 6.12850093546e+18 0.43 0.188035716204 0.000225635841008 0.0913709020244 Wt0.00686116431949Lg0.0193582865993Hfin0.0425983994119tox0.000780769734528WbR0.00799569164492WbL0.00722278664373Nfin6.12850093546e+18
3.84171053589e-09 0.000117676992908 0.00685983054139 0.0198791805941 0.0431641026147 0.000774587959427 0.00759887423052 0.00713440568112 6.21410992416e+18 0.43 0.196986811999 0.000226424597802 0.082401764115 Wt0.00685983054139Lg0.0198791805941Hfin0.0431641026147tox0.000774587959427WbR0.00759887423052WbL0.00713440568112Nfin6.21410992416e+18
2.24872392322e-09 0.000102763016624 0.0068545964378 0.021335569485 0.0443101912527 0.000838323792313 0.00747051872174 0.00766904907415 6.13955829235e+18 0.43 0.210434283358 0.000197020434972 0.0775745417249 Wt0.0068545964378Lg0.021335569485Hfin0.0443101912527tox0.000838323792313WbR0.00747051872174WbL0.00766904907415Nfin6.13955829235e+18
2.87276132948e-09 0.000110791974795 0.00685436296305 0.021268087552 0.0409918907506 0.000732840416608 0.00759737971539 0.00762719240625 5.93661746258e+18 0.43 0.199320712027 0.000208347526819 0.0775088220566 Wt0.00685436296305Lg0.021268087552Hfin0.0409918907506tox0.000732840416608WbR0.00759737971539WbL0.00762719240625Nfin5.93661746258e+18
3.13265914159e-09 7.86380687053e-05 0.00684774922096 0.0205283314594 0.0409932973534 0.000810208525516 0.00691093290677 0.00723129272969 5.94637892312e+18 0.43 0.202431164232 0.000130566452073 0.0805021820258 Wt0.00684774922096Lg0.0205283314594Hfin0.0409932973534tox0.000810208525516WbR0.00691093290677WbL0.00723129272969Nfin5.94637892312e+18
1.80615027873e-09 0.00010459028078 0.00684512467774 0.0214523439335 0.0421095283936 0.000791477602416 0.00831811395808 0.00788984186696 6.4229698125e+18 0.43 0.214269983981 0.000205329786555 0.0751881637687 Wt0.00684512467774Lg0.0214523439335Hfin0.0421095283936tox0.000791477602416WbR0.00831811395808WbL0.00788984186696Nfin6.4229698125e+18
4.01202128874e-09 8.62898941726e-05 0.00683850929476 0.0205008348012 0.0449095735618 0.000791063093348 0.0075294531985 0.00785115448761 5.76992144292e+18 0.43 0.19482853989 0.000141414272728 0.0825083237749 Wt0.00683850929476Lg0.0205008348012Hfin0.0449095735618tox0.000791063093348WbR0.0075294531985WbL0.00785115448761Nfin5.76992144292e+18
2.55746250533e-09 8.12103470428e-05 0.00683680157718 0.0204510978572 0.0424925709067 0.000757501390639 0.0082267393618 0.00864565889453 6.36039733235e+18 0.43 0.205694247382 0.000134252623447 0.0777642316979 Wt0.00683680157718Lg0.0204510978572Hfin0.0424925709067tox0.000757501390639WbR0.0082267393618WbL0.00864565889453Nfin6.36039733235e+18
6.67832382935e-09 9.87245084274e-05 0.00683621508591 0.0191735512389 0.0421545864568 0.000921150881321 0.00710030172417 0.00804682145143 6.08868035704e+18 0.43 0.198003695664 0.000191396901113 0.0969536442251 Wt0.00683621508591Lg0.0191735512389Hfin0.0421545864568tox0.000921150881321WbR0.00710030172417WbL0.00804682145143Nfin6.08868035704e+18
2.3967371905e-09 7.06001065977e-05 0.00683067594939 0.0202654594478 0.0419560213524 0.000776169565903 0.00807281255351 0.00702241186364 6.51100011545e+18 0.43 0.207961087634 0.000103644449678 0.0776263018524 Wt0.00683067594939Lg0.0202654594478Hfin0.0419560213524tox0.000776169565903WbR0.00807281255351WbL0.00702241186364Nfin6.51100011545e+18
2.82077206602e-09 9.7831509653e-05 0.00682438952498 0.0209424277921 0.043361403082 0.000807685724817 0.00840939965717 0.00790452592517 5.97053335554e+18 0.43 0.2046184726 0.000173229519613 0.0796941879142 Wt0.00682438952498Lg0.0209424277921Hfin0.043361403082tox0.000807685724817WbR0.00840939965717WbL0.00790452592517Nfin5.97053335554e+18
9.40440605183e-09 0.000114880663497 0.00682433594854 0.0190844883705 0.0420564572505 0.000807250662519 0.00801598304386 0.00777635647736 5.80528213396e+18 0.43 0.183234139925 0.000217160321991 0.0979376746807 Wt0.00682433594854Lg0.0190844883705Hfin0.0420564572505tox0.000807250662519WbR0.00801598304386WbL0.00777635647736Nfin5.80528213396e+18
3.83596470237e-09 0.000102392218123 0.00681914458622 0.0201677918635 0.0418561189092 0.000786982697777 0.00713248245618 0.00745552736702 5.89003103947e+18 0.43 0.1966725554 0.000172906270826 0.0824957333104 Wt0.00681914458622Lg0.0201677918635Hfin0.0418561189092tox0.000786982697777WbR0.00713248245618WbL0.00745552736702Nfin5.89003103947e+18
9.10280509883e-09 0.00011231719692 0.00681904155193 0.0188592642445 0.040593366643 0.000792999460815 0.00836040955371 0.00804283024633 5.88804180486e+18 0.43 0.184655104156 0.000212720471416 0.0978354242197 Wt0.00681904155193Lg0.0188592642445Hfin0.040593366643tox0.000792999460815WbR0.00836040955371WbL0.00804283024633Nfin5.88804180486e+18
3.08599828817e-09 0.000103768359157 0.00681497839184 0.0201521616567 0.0437072392029 0.000793916866107 0.00766249473994 0.00731007163815 6.22521345295e+18 0.43 0.2022689787 0.000177211667144 0.080108023482 Wt0.00681497839184Lg0.0201521616567Hfin0.0437072392029tox0.000793916866107WbR0.00766249473994WbL0.00731007163815Nfin6.22521345295e+18
6.54867237375e-09 9.84665617012e-05 0.00681484973715 0.0190187891709 0.036618407027 0.00082379258268 0.00745018311031 0.00822163748286 6.03533451468e+18 0.43 0.194967681775 0.000188934354212 0.0945956381134 Wt0.00681484973715Lg0.0190187891709Hfin0.036618407027tox0.00082379258268WbR0.00745018311031WbL0.00822163748286Nfin6.03533451468e+18
1.12951807478e-08 0.000124911076696 0.00680574280649 0.0197842832692 0.0427540059296 0.000763217516509 0.00746189602665 0.00778005729062 5.36633938457e+18 0.43 0.173629349278 0.000232134405427 0.0981664680732 Wt0.00680574280649Lg0.0197842832692Hfin0.0427540059296tox0.000763217516509WbR0.00746189602665WbL0.00778005729062Nfin5.36633938457e+18
8.67589253535e-09 0.000122454838074 0.00680122888244 0.0192121378748 0.0403110948639 0.000727357954447 0.00727550259271 0.00758609837986 5.83087095976e+18 0.43 0.179522931819 0.000229857529857 0.0940641948964 Wt0.00680122888244Lg0.0192121378748Hfin0.0403110948639tox0.000727357954447WbR0.00727550259271WbL0.00758609837986Nfin5.83087095976e+18
3.04446354627e-09 0.000106033672699 0.00680032331223 0.0218271569361 0.0375069744709 0.000746389532573 0.00727410965855 0.00777849535915 5.52690520443e+18 0.43 0.198567639795 0.000203865336747 0.0781741367902 Wt0.00680032331223Lg0.0218271569361Hfin0.0375069744709tox0.000746389532573WbR0.00727410965855WbL0.00777849535915Nfin5.52690520443e+18
2.34846397642e-09 0.00010690488202 0.00679440085378 0.0215104383475 0.0415603288942 0.000776049477254 0.00817491006692 0.00682611409911 6.08639432188e+18 0.43 0.205937010734 0.000206645661264 0.0769102373547 Wt0.00679440085378Lg0.0215104383475Hfin0.0415603288942tox0.000776049477254WbR0.00817491006692WbL0.00682611409911Nfin6.08639432188e+18
3.87215402179e-09 0.000101089337467 0.00679434633019 0.0201904604443 0.0463616468868 0.000875709423244 0.00723869841273 0.00767843411728 5.87056897725e+18 0.43 0.200535765658 0.000174017596994 0.0837006752916 Wt0.00679434633019Lg0.0201904604443Hfin0.0463616468868tox0.000875709423244WbR0.00723869841273WbL0.00767843411728Nfin5.87056897725e+18
3.56871962828e-09 0.000112924981065 0.00678785860041 0.0209237735884 0.0428000158804 0.000700195214842 0.00751762857517 0.00737833184058 5.90971269301e+18 0.43 0.191809395099 0.000203640644917 0.0779936832841 Wt0.00678785860041Lg0.0209237735884Hfin0.0428000158804tox0.000700195214842WbR0.00751762857517WbL0.00737833184058Nfin5.90971269301e+18
2.72947871402e-09 8.12795772876e-05 0.00678723819705 0.0206762344585 0.0414104043248 0.000850288704476 0.00760566216544 0.0073974582727 6.00256249675e+18 0.43 0.208197381735 0.000137971670182 0.0803401940687 Wt0.00678723819705Lg0.0206762344585Hfin0.0414104043248tox0.000850288704476WbR0.00760566216544WbL0.0073974582727Nfin6.00256249675e+18
8.6168407769e-09 0.000109305785961 0.00678531320429 0.0185269654637 0.0429863076488 0.000857459402544 0.00751398659304 0.00754521142192 6.17262580657e+18 0.43 0.189089132019 0.000208761895557 0.0981686195209 Wt0.00678531320429Lg0.0185269654637Hfin0.0429863076488tox0.000857459402544WbR0.00751398659304WbL0.00754521142192Nfin6.17262580657e+18
2.84781881797e-09 0.000101162062225 0.00678392239629 0.0208893482956 0.0450542161374 0.000804814425 0.00761876136401 0.00752925178887 6.06930251688e+18 0.43 0.203071969206 0.000177229475077 0.0791595362423 Wt0.00678392239629Lg0.0208893482956Hfin0.0450542161374tox0.000804814425WbR0.00761876136401WbL0.00752925178887Nfin6.06930251688e+18
1.1882288988e-08 0.000120838134121 0.00677967171825 0.0191246383679 0.0438343940856 0.00080220130994 0.00768548811416 0.00726353699182 5.55817123614e+18 0.43 0.175719087311 0.000226231609625 0.10265238977 Wt0.00677967171825Lg0.0191246383679Hfin0.0438343940856tox0.00080220130994WbR0.00768548811416WbL0.00726353699182Nfin5.55817123614e+18
3.31595171137e-09 0.000101959435517 0.00677745444331 0.0201224239587 0.0419203071441 0.000779621016595 0.00768719959282 0.00686925937271 6.12720965438e+18 0.43 0.199804679327 0.000171281333624 0.0803855157752 Wt0.00677745444331Lg0.0201224239587Hfin0.0419203071441tox0.000779621016595WbR0.00768719959282WbL0.00686925937271Nfin6.12720965438e+18
4.25986855197e-09 0.00011071475753 0.00677706399847 0.0198434874611 0.0420031566606 0.000812750427562 0.00743770004571 0.00796358614196 5.99207444625e+18 0.43 0.197535913314 0.000214315502821 0.0851785457095 Wt0.00677706399847Lg0.0198434874611Hfin0.0420031566606tox0.000812750427562WbR0.00743770004571WbL0.00796358614196Nfin5.99207444625e+18
2.79123732208e-09 9.4669885006e-05 0.0067697910084 0.0209453700469 0.040394613801 0.000788405202334 0.00745633078939 0.00711366418435 5.96185211656e+18 0.43 0.203454127769 0.000169272594511 0.0783599410355 Wt0.0067697910084Lg0.0209453700469Hfin0.040394613801tox0.000788405202334WbR0.00745633078939WbL0.00711366418435Nfin5.96185211656e+18
1.12112498912e-08 0.000119630259665 0.00675987625496 0.0190687490448 0.0403382716844 0.000752989531676 0.00706299136304 0.00748066844605 5.54804599388e+18 0.43 0.174981054754 0.00022305900088 0.100101013088 Wt0.00675987625496Lg0.0190687490448Hfin0.0403382716844tox0.000752989531676WbR0.00706299136304WbL0.00748066844605Nfin5.54804599388e+18
5.79515226603e-09 0.000122804421357 0.00675661741945 0.0193937710842 0.0455316444358 0.000787592278045 0.0069882360052 0.00763525172867 6.40798482983e+18 0.43 0.190695783017 0.000235954622619 0.0883286735849 Wt0.00675661741945Lg0.0193937710842Hfin0.0455316444358tox0.000787592278045WbR0.0069882360052WbL0.00763525172867Nfin6.40798482983e+18
5.91514268025e-09 0.000121495215012 0.00675593775402 0.0196886900713 0.0451026209556 0.00079069562296 0.00829098326647 0.00760290306199 6.22512256682e+18 0.43 0.190821089574 0.000233379291211 0.0887077454196 Wt0.00675593775402Lg0.0196886900713Hfin0.0451026209556tox0.00079069562296WbR0.00829098326647WbL0.00760290306199Nfin6.22512256682e+18
2.35888284114e-09 9.21700594567e-05 0.00675345344212 0.0207839933453 0.0421930118197 0.000789034577457 0.00699747281877 0.00842132022687 6.31375751313e+18 0.43 0.207980907532 0.000162439466917 0.0774716617773 Wt0.00675345344212Lg0.0207839933453Hfin0.0421930118197tox0.000789034577457WbR0.00699747281877WbL0.00842132022687Nfin6.31375751313e+18
9.36787506587e-09 0.000128256439346 0.00674938046057 0.0191962762902 0.0423403248693 0.000728382944783 0.00713895912719 0.00747435626499 5.8343596745e+18 0.43 0.176834451454 0.000239783476629 0.0943101795853 Wt0.00674938046057Lg0.0191962762902Hfin0.0423403248693tox0.000728382944783WbR0.00713895912719WbL0.00747435626499Nfin5.8343596745e+18
3.06574500333e-09 0.00010231185244 0.00673830691251 0.0200490405546 0.0406509781745 0.000836836758735 0.00782050911667 0.0079481580868 6.07866539007e+18 0.43 0.206470797038 0.000201674976676 0.0823066353842 Wt0.00673830691251Lg0.0200490405546Hfin0.0406509781745tox0.000836836758735WbR0.00782050911667WbL0.0079481580868Nfin6.07866539007e+18
8.17772560194e-09 0.00012627828099 0.0067370661848 0.019026939547 0.0462973911 0.000786338837748 0.00705739559926 0.00720855294382 6.15558652857e+18 0.43 0.18260620275 0.000239471327334 0.0924155778221 Wt0.0067370661848Lg0.019026939547Hfin0.0462973911tox0.000786338837748WbR0.00705739559926WbL0.00720855294382Nfin6.15558652857e+18
2.65273752473e-09 9.06736032956e-05 0.00672923478022 0.0201443076522 0.0433020034747 0.000898551586806 0.00826527520632 0.00798662709643 6.20086582061e+18 0.43 0.213243791594 0.000157092666312 0.0822566690427 Wt0.00672923478022Lg0.0201443076522Hfin0.0433020034747tox0.000898551586806WbR0.00826527520632WbL0.00798662709643Nfin6.20086582061e+18
2.70965816102e-09 0.000108454844209 0.0067276226207 0.0212989943781 0.0434347962303 0.000785566377156 0.00823964434347 0.00809140326346 5.95426689314e+18 0.43 0.203458695429 0.000204061439809 0.0779312252016 Wt0.0067276226207Lg0.0212989943781Hfin0.0434347962303tox0.000785566377156WbR0.00823964434347WbL0.00809140326346Nfin5.95426689314e+18
2.08236229717e-09 9.25599168303e-05 0.00671825874226 0.020969461153 0.0423855318617 0.000843582468906 0.00744823825859 0.00819742176215 6.30005124673e+18 0.43 0.21400673737 0.000166179293236 0.0776142750765 Wt0.00671825874226Lg0.020969461153Hfin0.0423855318617tox0.000843582468906WbR0.00744823825859WbL0.00819742176215Nfin6.30005124673e+18
2.93979605723e-09 0.000114792321028 0.00671416535998 0.0220939062931 0.0429669376686 0.000774438845705 0.00709953488998 0.00835223697099 5.65130084619e+18 0.43 0.198941047739 0.000222455909292 0.0777386760146 Wt0.00671416535998Lg0.0220939062931Hfin0.0429669376686tox0.000774438845705WbR0.00709953488998WbL0.00835223697099Nfin5.65130084619e+18
3.86219017632e-09 9.05177454035e-05 0.00670883900686 0.0196257987651 0.0396569908795 0.000926963675194 0.00770636731295 0.00775157761442 6.43495158485e+18 0.43 0.211627378407 0.000179603820201 0.0889674058014 Wt0.00670883900686Lg0.0196257987651Hfin0.0396569908795tox0.000926963675194WbR0.00770636731295WbL0.00775157761442Nfin6.43495158485e+18
4.00223621734e-09 0.00011396331351 0.00667475816301 0.0198677538433 0.041274340004 0.00077150962967 0.00728825800479 0.00739757225695 6.11449481632e+18 0.43 0.196018095598 0.000219712458273 0.0827881355846 Wt0.00667475816301Lg0.0198677538433Hfin0.041274340004tox0.00077150962967WbR0.00728825800479WbL0.00739757225695Nfin6.11449481632e+18
3.53298204569e-09 0.000109219756321 0.00666055097745 0.0199695279849 0.0416413615292 0.000809050440296 0.00804890432893 0.00765368544249 6.01945294864e+18 0.43 0.201010958644 0.000213376677697 0.082588640816 Wt0.00666055097745Lg0.0199695279849Hfin0.0416413615292tox0.000809050440296WbR0.00804890432893WbL0.00765368544249Nfin6.01945294864e+18
1.43137786076e-08 0.000121521325153 0.00666018968891 0.0182024368901 0.0437707256679 0.000794890839554 0.00759990444578 0.00780000971402 5.75272360377e+18 0.43 0.173402449104 0.000227177429135 0.106683106099 Wt0.00666018968891Lg0.0182024368901Hfin0.0437707256679tox0.000794890839554WbR0.00759990444578WbL0.00780000971402Nfin5.75272360377e+18
4.9496690063e-09 9.93544175967e-05 0.00665403431458 0.0197766198372 0.0388526043951 0.000847308219646 0.00723488633287 0.00716305604641 6.12944906997e+18 0.43 0.199063369727 0.000192203896288 0.0890730033356 Wt0.00665403431458Lg0.0197766198372Hfin0.0388526043951tox0.000847308219646WbR0.00723488633287WbL0.00716305604641Nfin6.12944906997e+18
8.29790081046e-09 0.000121412090431 0.00662727250566 0.0193005001571 0.0419194842901 0.000757338992954 0.0070265224547 0.00794469757803 5.89584402252e+18 0.43 0.181386929177 0.000228514531505 0.0938789980111 Wt0.00662727250566Lg0.0193005001571Hfin0.0419194842901tox0.000757338992954WbR0.0070265224547WbL0.00794469757803Nfin5.89584402252e+18
5.81863741791e-09 0.000109276754356 0.00660735317867 0.0190927489718 0.03985780193 0.000788258980708 0.00769526772462 0.00826511235452 6.30857296051e+18 0.43 0.193932502838 0.000209973099549 0.0896511318783 Wt0.00660735317867Lg0.0190927489718Hfin0.03985780193tox0.000788258980708WbR0.00769526772462WbL0.00826511235452Nfin6.30857296051e+18
1.99908195599e-09 0.00010607667249 0.0066071670127 0.0214816498122 0.043266699007 0.000796781558524 0.00774580799425 0.00709631296041 6.35560770887e+18 0.43 0.21031096556 0.000206136845409 0.0753144891774 Wt0.0066071670127Lg0.0214816498122Hfin0.043266699007tox0.000796781558524WbR0.00774580799425WbL0.00709631296041Nfin6.35560770887e+18
2.23039991717e-09 8.34665642496e-05 0.006599610061 0.0205936476017 0.0415257817287 0.000785622868752 0.00768384370082 0.00729044938342 6.46891525596e+18 0.43 0.209175223224 0.000143442457858 0.0771336300454 Wt0.006599610061Lg0.0205936476017Hfin0.0415257817287tox0.000785622868752WbR0.00768384370082WbL0.00729044938342Nfin6.46891525596e+18
1.04494242819e-08 0.000118628600942 0.0065893358854 0.0186455064583 0.0407366967731 0.000758836196372 0.00769034448665 0.00751321649889 5.83053426323e+18 0.43 0.178195489591 0.000222576010214 0.0996719739613 Wt0.0065893358854Lg0.0186455064583Hfin0.0407366967731tox0.000758836196372WbR0.00769034448665WbL0.00751321649889Nfin5.83053426323e+18
1.47877539036e-08 0.000117890799091 0.00655943659616 0.0180485991694 0.0433442217529 0.000805223840497 0.00769273995698 0.00759621905415 5.76278033832e+18 0.43 0.173525284702 0.000219737959168 0.109074841963 Wt0.00655943659616Lg0.0180485991694Hfin0.0433442217529tox0.000805223840497WbR0.00769273995698WbL0.00759621905415Nfin5.76278033832e+18
8.60711447611e-09 0.000114639334986 0.00655421072762 0.0188029849138 0.0417524982267 0.000794987428317 0.00732175356217 0.00687822135562 6.01866412582e+18 0.43 0.183387788076 0.000216434231594 0.0952353911906 Wt0.00655421072762Lg0.0188029849138Hfin0.0417524982267tox0.000794987428317WbR0.00732175356217WbL0.00687822135562Nfin6.01866412582e+18
3.97883911059e-09 0.000106700472607 0.00654998453758 0.0200179061627 0.0400160510203 0.000801235552604 0.0078809954882 0.00844078042466 5.77430116769e+18 0.43 0.198146805218 0.000206901066659 0.0835006938722 Wt0.00654998453758Lg0.0200179061627Hfin0.0400160510203tox0.000801235552604WbR0.0078809954882WbL0.00844078042466Nfin5.77430116769e+18
2.91093380336e-09 0.000117827156068 0.00653299084109 0.0223369574592 0.0436648658184 0.000762866910346 0.0075401038271 0.00794312185863 5.63435667629e+18 0.43 0.197704791821 0.000229257010457 0.0772997876806 Wt0.00653299084109Lg0.0223369574592Hfin0.0436648658184tox0.000762866910346WbR0.0075401038271WbL0.00794312185863Nfin5.63435667629e+18
1.93304764135e-09 0.00010826493902 0.00643849774227 0.0219653486315 0.0417976746368 0.000777109080892 0.008218658559 0.00775484204337 6.2243746367e+18 0.43 0.210199586555 0.000214516669766 0.0749126006935 Wt0.00643849774227Lg0.0219653486315Hfin0.0417976746368tox0.000777109080892WbR0.008218658559WbL0.00775484204337Nfin6.2243746367e+18
2.98869514789e-09 0.000118076376545 0.00641596259496 0.0214987022222 0.0453041418733 0.000764001863364 0.00729516535048 0.00748271421413 5.93791555408e+18 0.43 0.197341316222 0.000225816924257 0.0774547456767 Wt0.00641596259496Lg0.0214987022222Hfin0.0453041418733tox0.000764001863364WbR0.00729516535048WbL0.00748271421413Nfin5.93791555408e+18
1.56135411238e-08 0.000140616124104 0.00632238513479 0.019108646642 0.0453530202501 0.000716455277271 0.00755716532366 0.00714078216786 5.32078818802e+18 0.43 0.162449740411 0.000258408531566 0.103166238814 Wt0.00632238513479Lg0.019108646642Hfin0.0453530202501tox0.000716455277271WbR0.00755716532366WbL0.00714078216786Nfin5.32078818802e+18
1.19142834804e-08 0.000113059117185 0.00628194939804 0.0182266994391 0.0424833084683 0.000823745112143 0.00783314310914 0.0076689724639 5.89738010573e+18 0.43 0.179300594957 0.000212665794505 0.105401228588 Wt0.00628194939804Lg0.0182266994391Hfin0.0424833084683tox0.000823745112143WbR0.00783314310914WbL0.0076689724639Nfin5.89738010573e+18
