Ioff Ion Wt Lg Hfin tox WbR WbL Nfin WF vd Vth gmax SS filename
8.44751842857e-09 0.000116089274849 0.00712711871158 0.0192191086401 0.0418871650292 0.000809246944513 0.0034899592983 0.00389700195027 5.8842258115e+18 4.235 0.43 0.1806 0.000214431404756 0.0923131347473 Wt0.00712711871158Lg0.0192191086401Hfin0.0418871650292tox0.000809246944513WbR0.0034899592983WbL0.00389700195027Nfin5.8842258115e+18WF4.235
5.22790506558e-09 0.000114468873066 0.00835549782193 0.0213261421559 0.0400466090261 0.000743149014836 0.00376753543301 0.00344661551106 5.311585618e+18 4.235 0.43 0.1806 0.000200379820986 0.0808237914076 Wt0.00835549782193Lg0.0213261421559Hfin0.0400466090261tox0.000743149014836WbR0.00376753543301WbL0.00344661551106Nfin5.311585618e+18WF4.235
2.9429143117e-09 7.76620766263e-05 0.00801886373982 0.0205427168056 0.0394063356226 0.000834406626731 0.00387063000845 0.00352380799813 6.21001201867e+18 4.235 0.43 0.1978 0.000123412615559 0.0782527507547 Wt0.00801886373982Lg0.0205427168056Hfin0.0394063356226tox0.000834406626731WbR0.00387063000845WbL0.00352380799813Nfin6.21001201867e+18WF4.235
2.70829366361e-09 0.000121760247722 0.00763172852552 0.0217641587142 0.0471407125764 0.000803449712838 0.00402809962308 0.00404663080846 6.31440922626e+18 4.235 0.43 0.1978 0.000227467602686 0.0750500126595 Wt0.00763172852552Lg0.0217641587142Hfin0.0471407125764tox0.000803449712838WbR0.00402809962308WbL0.00404663080846Nfin6.31440922626e+18WF4.235
4.10748158361e-09 7.38921781135e-05 0.00717175001506 0.020268427868 0.0427897503947 0.000797356329969 0.00392809856496 0.00388731356956 5.96029327776e+18 4.235 0.43 0.1892 0.000104542101356 0.0805901321646 Wt0.00717175001506Lg0.020268427868Hfin0.0427897503947tox0.000797356329969WbR0.00392809856496WbL0.00388731356956Nfin5.96029327776e+18WF4.235
4.22919050907e-09 6.42232451551e-05 0.00737914017335 0.0202849904437 0.039192242724 0.00085851646854 0.00398552197094 0.00362122804422 5.64676022801e+18 4.235 0.43 0.1978 8.88744590892e-05 0.0835098385885 Wt0.00737914017335Lg0.0202849904437Hfin0.039192242724tox0.00085851646854WbR0.00398552197094WbL0.00362122804422Nfin5.64676022801e+18WF4.235
2.90659863138e-09 0.000100545352858 0.0073760014182 0.0212312843665 0.0378161191125 0.000767772235962 0.00356823020558 0.00338384015041 6.03982446066e+18 4.235 0.43 0.1978 0.000182881927178 0.0771104545304 Wt0.0073760014182Lg0.0212312843665Hfin0.0378161191125tox0.000767772235962WbR0.00356823020558WbL0.00338384015041Nfin6.03982446066e+18WF4.235
4.730084145e-09 9.65792777349e-05 0.00768156905607 0.0207362939519 0.0422312400781 0.000773331169392 0.0039840462905 0.00428512234822 5.69034245639e+18 4.235 0.43 0.1806 0.000159834844595 0.0805955090946 Wt0.00768156905607Lg0.0207362939519Hfin0.0422312400781tox0.000773331169392WbR0.0039840462905WbL0.00428512234822Nfin5.69034245639e+18WF4.235
3.37356539706e-09 9.75453342733e-05 0.00738173962482 0.0208346103298 0.0452020455845 0.000836823855268 0.00358954188826 0.00392212400932 6.02125526922e+18 4.235 0.43 0.1978 0.000168438042699 0.0796187291884 Wt0.00738173962482Lg0.0208346103298Hfin0.0452020455845tox0.000836823855268WbR0.00358954188826WbL0.00392212400932Nfin6.02125526922e+18WF4.235
5.94261727155e-09 0.000126051217491 0.0077334134287 0.0197536005908 0.0440702099354 0.00077982300515 0.00386266720947 0.00400175953286 6.37783321068e+18 4.235 0.43 0.1806 0.000234479993156 0.085365441735 Wt0.0077334134287Lg0.0197536005908Hfin0.0440702099354tox0.00077982300515WbR0.00386266720947WbL0.00400175953286Nfin6.37783321068e+18WF4.235
8.66550683559e-09 0.000113111639124 0.00794185083864 0.0187604601579 0.0388709691704 0.000790511562537 0.00395255313899 0.00384779856274 6.01437108146e+18 4.235 0.43 0.1806 0.000208315015097 0.0940919636018 Wt0.00794185083864Lg0.0187604601579Hfin0.0388709691704tox0.000790511562537WbR0.00395255313899WbL0.00384779856274Nfin6.01437108146e+18WF4.235
9.47589984099e-09 0.000122945476288 0.00726641323148 0.0193020632486 0.042337246182 0.000776041893233 0.00406796951071 0.00358279665551 5.74546943579e+18 4.235 0.43 0.172 0.000225349397012 0.0940717513245 Wt0.00726641323148Lg0.0193020632486Hfin0.042337246182tox0.000776041893233WbR0.00406796951071WbL0.00358279665551Nfin5.74546943579e+18WF4.235
1.06992059967e-08 0.000115555264781 0.00778825488297 0.0180146650803 0.0399248046846 0.000788365093345 0.00400025186274 0.00388060443548 6.10241483977e+18 4.235 0.43 0.172 0.00021098712622 0.0976624224265 Wt0.00778825488297Lg0.0180146650803Hfin0.0399248046846tox0.000788365093345WbR0.00400025186274WbL0.00388060443548Nfin6.10241483977e+18WF4.235
1.14509096666e-08 0.000118439099665 0.00777173558419 0.0182514965947 0.0402072684374 0.000789387219558 0.0035727169275 0.00370778405323 5.90013096474e+18 4.235 0.43 0.172 0.000216101716327 0.0980325348197 Wt0.00777173558419Lg0.0182514965947Hfin0.0402072684374tox0.000789387219558WbR0.0035727169275WbL0.00370778405323Nfin5.90013096474e+18WF4.235
9.61655398555e-09 0.000134482556637 0.00788052254488 0.0197340625677 0.0419163423548 0.000721207737247 0.0039999866092 0.00354182779739 5.68983591087e+18 4.235 0.43 0.1634 0.000243919952058 0.089607638531 Wt0.00788052254488Lg0.0197340625677Hfin0.0419163423548tox0.000721207737247WbR0.0039999866092WbL0.00354182779739Nfin5.68983591087e+18WF4.235
1.01515547995e-08 0.000133311660568 0.00664163751773 0.018975568665 0.0446384531707 0.000744205322121 0.00352080996078 0.00433229683908 5.86965792813e+18 4.235 0.43 0.172 0.0002434779995 0.0921354070532 Wt0.00664163751773Lg0.018975568665Hfin0.0446384531707tox0.000744205322121WbR0.00352080996078WbL0.00433229683908Nfin5.86965792813e+18WF4.235
6.81654952146e-09 0.000119730536104 0.00734358967029 0.0195820880484 0.0420262609677 0.000778099255126 0.00410054352625 0.00360068744627 6.08350565268e+18 4.235 0.43 0.1806 0.00022231765594 0.0885545675434 Wt0.00734358967029Lg0.0195820880484Hfin0.0420262609677tox0.000778099255126WbR0.00410054352625WbL0.00360068744627Nfin6.08350565268e+18WF4.235
8.53607160328e-09 0.000112300726745 0.00791323721654 0.0191664730812 0.0413496870485 0.000841704572382 0.00386967683543 0.00374892861029 5.92299978389e+18 4.235 0.43 0.1806 0.000207562544801 0.0942897566251 Wt0.00791323721654Lg0.0191664730812Hfin0.0413496870485tox0.000841704572382WbR0.00386967683543WbL0.00374892861029Nfin5.92299978389e+18WF4.235
7.12602225047e-09 0.000108617925909 0.00771863749643 0.0186453698154 0.0393382965161 0.000829147222855 0.00369730970586 0.00367684260888 6.32489291225e+18 4.235 0.43 0.1806 0.000202514377483 0.0915757217612 Wt0.00771863749643Lg0.0186453698154Hfin0.0393382965161tox0.000829147222855WbR0.00369730970586WbL0.00367684260888Nfin6.32489291225e+18WF4.235
1.0870829894e-08 0.000127594468535 0.00776302646923 0.0182659845514 0.0414346853704 0.000746151961291 0.00389093927372 0.00344528564312 6.06499457117e+18 4.235 0.43 0.172 0.000232000340143 0.0948267045326 Wt0.00776302646923Lg0.0182659845514Hfin0.0414346853704tox0.000746151961291WbR0.00389093927372WbL0.00344528564312Nfin6.06499457117e+18WF4.235
2.63571765056e-09 0.000100603285959 0.0073830356698 0.0211522603084 0.0412161603594 0.000806100645454 0.00388295206826 0.00386125382084 6.2017526688e+18 4.235 0.43 0.1978 0.00018160546273 0.0770731486522 Wt0.0073830356698Lg0.0211522603084Hfin0.0412161603594tox0.000806100645454WbR0.00388295206826WbL0.00386125382084Nfin6.2017526688e+18WF4.235
3.7271326763e-09 6.76496832287e-05 0.00730061299189 0.0202386318682 0.0413755455243 0.000806529093284 0.00378368873931 0.00351805179225 6.04050522704e+18 4.235 0.43 0.1892 9.1324756046e-05 0.0802951006543 Wt0.00730061299189Lg0.0202386318682Hfin0.0413755455243tox0.000806529093284WbR0.00378368873931WbL0.00351805179225Nfin6.04050522704e+18WF4.235
7.65622429994e-09 0.000123071400598 0.00676747916416 0.0192156431628 0.0428092393248 0.000772430542288 0.00373603254237 0.00388606087506 6.11453161037e+18 4.235 0.43 0.1806 0.00022706981464 0.089082615357 Wt0.00676747916416Lg0.0192156431628Hfin0.0428092393248tox0.000772430542288WbR0.00373603254237WbL0.00388606087506Nfin6.11453161037e+18WF4.235
1.88379910206e-09 9.88056050851e-05 0.00758724594007 0.0214222621748 0.0412065406424 0.00085189932987 0.00373304568394 0.0037863210668 6.67435704464e+18 4.235 0.43 0.2064 0.000181705721139 0.0746196493882 Wt0.00758724594007Lg0.0214222621748Hfin0.0412065406424tox0.00085189932987WbR0.00373304568394WbL0.0037863210668Nfin6.67435704464e+18WF4.235
3.64273262155e-09 0.000102270142046 0.00767386007639 0.0210250199722 0.042102895499 0.00079517443232 0.00409386268349 0.00380037965121 5.93931344998e+18 4.235 0.43 0.1892 0.000174936560176 0.0781549826489 Wt0.00767386007639Lg0.0210250199722Hfin0.042102895499tox0.00079517443232WbR0.00409386268349WbL0.00380037965121Nfin5.93931344998e+18WF4.235
4.59266577182e-09 0.000117576255172 0.00758767973627 0.0216327519173 0.0405855889732 0.00075322375517 0.00370328714891 0.00358957003879 5.45895873919e+18 4.235 0.43 0.1806 0.000212374471069 0.0797179081754 Wt0.00758767973627Lg0.0216327519173Hfin0.0405855889732tox0.00075322375517WbR0.00370328714891WbL0.00358957003879Nfin5.45895873919e+18WF4.235
9.30771783206e-09 0.000118186323365 0.00735627273327 0.0187676675383 0.040854858154 0.000774106057035 0.00394696968479 0.0039013475035 5.92284504279e+18 4.235 0.43 0.172 0.000218094336708 0.0946087761852 Wt0.00735627273327Lg0.0187676675383Hfin0.040854858154tox0.000774106057035WbR0.00394696968479WbL0.0039013475035Nfin5.92284504279e+18WF4.235
3.94597455511e-09 9.99533391585e-05 0.00759056125961 0.0206742011271 0.0431787418062 0.000739349012858 0.00379393801808 0.00396317726079 6.1448725217e+18 4.235 0.43 0.1892 0.000166056728407 0.0776085143259 Wt0.00759056125961Lg0.0206742011271Hfin0.0431787418062tox0.000739349012858WbR0.00379393801808WbL0.00396317726079Nfin6.1448725217e+18WF4.235
4.56000854179e-09 7.92443961958e-05 0.00759812875689 0.0203864829655 0.0423333645123 0.000796235282924 0.00400607066911 0.00367401473777 5.85393643912e+18 4.235 0.43 0.1892 0.00011589863629 0.0807286663731 Wt0.00759812875689Lg0.0203864829655Hfin0.0423333645123tox0.000796235282924WbR0.00400607066911WbL0.00367401473777Nfin5.85393643912e+18WF4.235
4.93675610479e-09 0.000112294741571 0.00735220656279 0.0196986210168 0.0423680660248 0.000823398526254 0.00381052417033 0.00442236867958 6.4420719294e+18 4.235 0.43 0.1892 0.00021293991242 0.0858168141572 Wt0.00735220656279Lg0.0196986210168Hfin0.0423680660248tox0.000823398526254WbR0.00381052417033WbL0.00442236867958Nfin6.4420719294e+18WF4.235
3.79568537053e-09 9.99113807666e-05 0.00732563517087 0.020063930492 0.0406359997264 0.000798404144653 0.0039976199424 0.00404026773636 6.04190590237e+18 4.235 0.43 0.1978 0.00016514030371 0.0806106172281 Wt0.00732563517087Lg0.020063930492Hfin0.0406359997264tox0.000798404144653WbR0.0039976199424WbL0.00404026773636Nfin6.04190590237e+18WF4.235
4.34975520775e-09 6.61689576506e-05 0.00737724496377 0.0202164919589 0.0407255555523 0.000796651209092 0.00409139440551 0.00379478201567 5.78606169779e+18 4.235 0.43 0.1892 8.70101423491e-05 0.0825421364478 Wt0.00737724496377Lg0.0202164919589Hfin0.0407255555523tox0.000796651209092WbR0.00409139440551WbL0.00379478201567Nfin5.78606169779e+18WF4.235
1.02234066896e-08 0.000116893965941 0.0073009239269 0.0192158502155 0.0415941326214 0.000806383431823 0.00376368213978 0.00393160599127 5.61268715472e+18 4.235 0.43 0.172 0.000214964149501 0.0971393773667 Wt0.0073009239269Lg0.0192158502155Hfin0.0415941326214tox0.000806383431823WbR0.00376368213978WbL0.00393160599127Nfin5.61268715472e+18WF4.235
8.5907612516e-09 0.000118629948017 0.0071545226329 0.0193395610854 0.0407580402326 0.000770794005848 0.00404394439755 0.00355358872547 5.79282666071e+18 4.235 0.43 0.172 0.000218328458945 0.0919442361017 Wt0.0071545226329Lg0.0193395610854Hfin0.0407580402326tox0.000770794005848WbR0.00404394439755WbL0.00355358872547Nfin5.79282666071e+18WF4.235
9.01398441475e-09 0.000112309885361 0.00740517169247 0.0179342823678 0.0414746649975 0.000814844223723 0.00360547619051 0.00388254793986 6.3484289177e+18 4.235 0.43 0.1806 0.000209194852651 0.0968859193503 Wt0.00740517169247Lg0.0179342823678Hfin0.0414746649975tox0.000814844223723WbR0.00360547619051WbL0.00388254793986Nfin6.3484289177e+18WF4.235
2.84834444261e-09 0.000106604923763 0.00708161460041 0.0219268750801 0.03948398724 0.00078390034666 0.00401455397158 0.00401920435607 5.84660167494e+18 4.235 0.43 0.1978 0.000202202683898 0.0768806502619 Wt0.00708161460041Lg0.0219268750801Hfin0.03948398724tox0.00078390034666WbR0.00401455397158WbL0.00401920435607Nfin5.84660167494e+18WF4.235
4.68725104725e-09 0.000111520265771 0.00794830246636 0.0194070945976 0.0405625846178 0.000812327256533 0.00392437522973 0.00367696414918 6.68422823045e+18 4.235 0.43 0.1892 0.000210821037166 0.0839426464123 Wt0.00794830246636Lg0.0194070945976Hfin0.0405625846178tox0.000812327256533WbR0.00392437522973WbL0.00367696414918Nfin6.68422823045e+18WF4.235
5.46468957386e-09 0.000122792124439 0.0072250217181 0.0190626713999 0.0451256286527 0.00079291756657 0.00357085166715 0.00369696578526 6.72166999143e+18 4.235 0.43 0.1892 0.000231973114289 0.0856241266098 Wt0.0072250217181Lg0.0190626713999Hfin0.0451256286527tox0.00079291756657WbR0.00357085166715WbL0.00369696578526Nfin6.72166999143e+18WF4.235
3.1712307638e-09 9.27412820365e-05 0.00768359472714 0.02006295268 0.0419118253584 0.000764436950325 0.00374395304722 0.0040004310254 6.59390184361e+18 4.235 0.43 0.1978 0.000142777801728 0.0773243380305 Wt0.00768359472714Lg0.02006295268Hfin0.0419118253584tox0.000764436950325WbR0.00374395304722WbL0.0040004310254Nfin6.59390184361e+18WF4.235
2.66626209984e-09 0.000108994656724 0.00718536746066 0.0212096372093 0.0420496739868 0.000766710468909 0.00378307623383 0.00403972562898 6.32090907377e+18 4.235 0.43 0.1978 0.000198872524432 0.0753717036334 Wt0.00718536746066Lg0.0212096372093Hfin0.0420496739868tox0.000766710468909WbR0.00378307623383WbL0.00403972562898Nfin6.32090907377e+18WF4.235
2.63733088548e-09 0.000106894290882 0.00759169641038 0.0216448760392 0.0438137653926 0.000855761733484 0.00394193083522 0.00389522609684 6.14547974273e+18 4.235 0.43 0.1978 0.00019825900175 0.0768883267841 Wt0.00759169641038Lg0.0216448760392Hfin0.0438137653926tox0.000855761733484WbR0.00394193083522WbL0.00389522609684Nfin6.14547974273e+18WF4.235
1.98548368898e-09 0.000102911112909 0.00742978509012 0.021507466154 0.0406767027058 0.000800945228973 0.00384686771164 0.00385855671509 6.50751790432e+18 4.235 0.43 0.2064 0.000196686393833 0.0746432123756 Wt0.00742978509012Lg0.021507466154Hfin0.0406767027058tox0.000800945228973WbR0.00384686771164WbL0.00385855671509Nfin6.50751790432e+18WF4.235
3.81264577058e-09 0.000111230596801 0.00695271703086 0.0198847754159 0.0410100935077 0.000799958459457 0.00378873042211 0.00380118891047 6.32369253262e+18 4.235 0.43 0.1892 0.000210427554172 0.0805273928769 Wt0.00695271703086Lg0.0198847754159Hfin0.0410100935077tox0.000799958459457WbR0.00378873042211WbL0.00380118891047Nfin6.32369253262e+18WF4.235
2.72761867931e-09 0.00011135787873 0.00754958173974 0.0212886593294 0.0405797648295 0.00074199275819 0.00365200738816 0.00415132429026 6.40347612185e+18 4.235 0.43 0.1978 0.000199347258285 0.074843817237 Wt0.00754958173974Lg0.0212886593294Hfin0.0405797648295tox0.00074199275819WbR0.00365200738816WbL0.00415132429026Nfin6.40347612185e+18WF4.235
7.97878810974e-09 0.000116854510051 0.00739715014933 0.0182978507352 0.0441660506864 0.000823753704924 0.00401067960017 0.00398034826944 6.4318038711e+18 4.235 0.43 0.1806 0.000218993587895 0.093974734366 Wt0.00739715014933Lg0.0182978507352Hfin0.0441660506864tox0.000823753704924WbR0.00401067960017WbL0.00398034826944Nfin6.4318038711e+18WF4.235
5.27905173939e-09 7.81709256246e-05 0.00739438847178 0.0204018461045 0.0424027158096 0.000823433901219 0.00376559583597 0.00376709305541 5.48883278881e+18 4.235 0.43 0.1892 0.00011901162428 0.0839132978691 Wt0.00739438847178Lg0.0204018461045Hfin0.0424027158096tox0.000823433901219WbR0.00376559583597WbL0.00376709305541Nfin5.48883278881e+18WF4.235
1.11916751915e-08 0.000114789762702 0.00801578508478 0.0196200538354 0.0405808408895 0.000826242044652 0.0035919718326 0.00411394099043 5.36382996064e+18 4.235 0.43 0.172 0.000209895561077 0.0980533546125 Wt0.00801578508478Lg0.0196200538354Hfin0.0405808408895tox0.000826242044652WbR0.0035919718326WbL0.00411394099043Nfin5.36382996064e+18WF4.235
3.76105662576e-09 0.000105796740686 0.00771427351437 0.021074301828 0.0436621154356 0.000810077439977 0.00385520951663 0.00361717371478 5.90147978764e+18 4.235 0.43 0.1892 0.00018188233934 0.0793880303987 Wt0.00771427351437Lg0.021074301828Hfin0.0436621154356tox0.000810077439977WbR0.00385520951663WbL0.00361717371478Nfin5.90147978764e+18WF4.235
8.58655609479e-09 0.000133367722385 0.00778098212127 0.0197662662292 0.0436167338724 0.000746830419456 0.00333855420223 0.00377483682765 5.8622881903e+18 4.235 0.43 0.172 0.00024369755563 0.0888312191541 Wt0.00778098212127Lg0.0197662662292Hfin0.0436167338724tox0.000746830419456WbR0.00333855420223WbL0.00377483682765Nfin5.8622881903e+18WF4.235
7.81270712551e-09 0.000113259491126 0.00756653946131 0.0189627674142 0.0407560375786 0.000828940355782 0.00359174469157 0.00381012175598 6.1186343555e+18 4.235 0.43 0.1806 0.000210205788082 0.0918279410109 Wt0.00756653946131Lg0.0189627674142Hfin0.0407560375786tox0.000828940355782WbR0.00359174469157WbL0.00381012175598Nfin6.1186343555e+18WF4.235
2.85272909012e-09 7.96312287541e-05 0.00761297706194 0.0205229592197 0.0413279209278 0.000827185661174 0.00397879022192 0.00385513421258 6.38941215059e+18 4.235 0.43 0.1978 0.00012445066777 0.077617092285 Wt0.00761297706194Lg0.0205229592197Hfin0.0413279209278tox0.000827185661174WbR0.00397879022192WbL0.00385513421258Nfin6.38941215059e+18WF4.235
2.83802536937e-09 0.000106310522858 0.00768830194919 0.0214601131253 0.0395325546603 0.000780586845527 0.00351227702991 0.00387763467673 6.12779559007e+18 4.235 0.43 0.1978 0.000192875671624 0.0766056294166 Wt0.00768830194919Lg0.0214601131253Hfin0.0395325546603tox0.000780586845527WbR0.00351227702991WbL0.00387763467673Nfin6.12779559007e+18WF4.235
1.00200176638e-08 0.00012806462743 0.00815666613866 0.0188933732544 0.0429425813693 0.000772367327873 0.00330393887764 0.00390988983522 5.96830670299e+18 4.235 0.43 0.172 0.000235108116269 0.0941540610512 Wt0.00815666613866Lg0.0188933732544Hfin0.0429425813693tox0.000772367327873WbR0.00330393887764WbL0.00390988983522Nfin5.96830670299e+18WF4.235
4.60632229478e-09 8.69599491653e-05 0.00758443684826 0.0205193574496 0.043536057632 0.000805653473961 0.00377772911791 0.00399672790577 5.79995818963e+18 4.235 0.43 0.1892 0.000134943294892 0.0807922854718 Wt0.00758443684826Lg0.0205193574496Hfin0.043536057632tox0.000805653473961WbR0.00377772911791WbL0.00399672790577Nfin5.79995818963e+18WF4.235
5.04478022759e-09 0.00010745714032 0.00754785386103 0.0197392959685 0.0409181406719 0.000860299752535 0.00366058817678 0.00383994834439 6.39429176345e+18 4.235 0.43 0.1892 0.000202872594495 0.0860297327812 Wt0.00754785386103Lg0.0197392959685Hfin0.0409181406719tox0.000860299752535WbR0.00366058817678WbL0.00383994834439Nfin6.39429176345e+18WF4.235
4.34166617495e-09 7.17628183162e-05 0.00638314822616 0.0203704680306 0.042559637375 0.000874445696466 0.00382855547712 0.00376152354992 5.75577235476e+18 4.235 0.43 0.1892 0.000104413039643 0.0828134309457 Wt0.00638314822616Lg0.0203704680306Hfin0.042559637375tox0.000874445696466WbR0.00382855547712WbL0.00376152354992Nfin5.75577235476e+18WF4.235
7.90839927704e-09 0.000127454228181 0.00718734253339 0.0195534832356 0.044655549144 0.000773635555361 0.00409338914854 0.00373666156652 5.97195108819e+18 4.235 0.43 0.1806 0.000235768651887 0.0892413996523 Wt0.00718734253339Lg0.0195534832356Hfin0.044655549144tox0.000773635555361WbR0.00409338914854WbL0.00373666156652Nfin5.97195108819e+18WF4.235
7.79497727194e-09 0.00011043488096 0.00806899889185 0.018905979189 0.0409061277136 0.00084330570617 0.00388603055942 0.00391419755026 6.14171674546e+18 4.235 0.43 0.1806 0.000205783078322 0.0924768978424 Wt0.00806899889185Lg0.018905979189Hfin0.0409061277136tox0.00084330570617WbR0.00388603055942WbL0.00391419755026Nfin6.14171674546e+18WF4.235
4.47638627577e-09 8.54244759484e-05 0.0081705791478 0.0201066162014 0.0383925526274 0.000832548150936 0.00399687729653 0.00356994857265 5.72843736957e+18 4.235 0.43 0.1892 0.000131630634011 0.0832938851687 Wt0.0081705791478Lg0.0201066162014Hfin0.0383925526274tox0.000832548150936WbR0.00399687729653WbL0.00356994857265Nfin5.72843736957e+18WF4.235
2.88227342784e-09 0.000114060647115 0.00711541541452 0.0212756478609 0.0423859543592 0.000748306726058 0.00384473399153 0.00374115604315 6.26156167336e+18 4.235 0.43 0.1978 0.000209571688019 0.0753258461245 Wt0.00711541541452Lg0.0212756478609Hfin0.0423859543592tox0.000748306726058WbR0.00384473399153WbL0.00374115604315Nfin6.26156167336e+18WF4.235
3.38323225955e-09 9.12108149075e-05 0.00668398757666 0.0209628843843 0.0375595426925 0.000793652670818 0.00376894409608 0.00384771388116 5.84819657985e+18 4.235 0.43 0.1892 0.000160496364107 0.078286398247 Wt0.00668398757666Lg0.0209628843843Hfin0.0375595426925tox0.000793652670818WbR0.00376894409608WbL0.00384771388116Nfin5.84819657985e+18WF4.235
6.01351684876e-09 8.0856442267e-05 0.0075707406616 0.0204410314097 0.04144604106 0.000793571723881 0.00384719941877 0.00387854545974 5.39472530837e+18 4.235 0.43 0.1806 0.000120562349048 0.0838287778163 Wt0.0075707406616Lg0.0204410314097Hfin0.04144604106tox0.000793571723881WbR0.00384719941877WbL0.00387854545974Nfin5.39472530837e+18WF4.235
4.05795675857e-09 0.000106051876708 0.00783636766593 0.0212959945891 0.0410188789065 0.000801899685776 0.00385245040369 0.00369515828699 5.63340671257e+18 4.235 0.43 0.1892 0.000184994484698 0.0799586417544 Wt0.00783636766593Lg0.0212959945891Hfin0.0410188789065tox0.000801899685776WbR0.00385245040369WbL0.00369515828699Nfin5.63340671257e+18WF4.235
3.14233841792e-09 8.85811779061e-05 0.00816683221899 0.0200686625396 0.0399909689883 0.000804110722092 0.00394693088979 0.00396461095647 6.37167497123e+18 4.235 0.43 0.1978 0.000138343134532 0.0793804953774 Wt0.00816683221899Lg0.0200686625396Hfin0.0399909689883tox0.000804110722092WbR0.00394693088979WbL0.00396461095647Nfin6.37167497123e+18WF4.235
4.7914920613e-09 7.11605586744e-05 0.00772620933112 0.0202062568187 0.0411000352908 0.000745857647453 0.00376638976759 0.00377526322722 5.89101421595e+18 4.235 0.43 0.185654888889 8.97235045455e-05 0.0811039905577 Wt0.00772620933112Lg0.0202062568187Hfin0.0411000352908tox0.000745857647453WbR0.00376638976759WbL0.00377526322722Nfin5.89101421595e+18WF4.235
1.08458534499e-08 0.000126265530806 0.00667910767839 0.0192180075527 0.046037639394 0.000811508881814 0.00405137511523 0.00362545801325 5.66861858212e+18 4.235 0.43 0.172 0.000231446071173 0.0952095237675 Wt0.00667910767839Lg0.0192180075527Hfin0.046037639394tox0.000811508881814WbR0.00405137511523WbL0.00362545801325Nfin5.66861858212e+18WF4.235
7.41281941469e-09 0.000107835437618 0.00726318207715 0.019108159342 0.0397868303309 0.000826140774751 0.00370653417405 0.00365202615427 6.00060461108e+18 4.235 0.43 0.1806 0.000201046534841 0.0920585658065 Wt0.00726318207715Lg0.019108159342Hfin0.0397868303309tox0.000826140774751WbR0.00370653417405WbL0.00365202615427Nfin6.00060461108e+18WF4.235
9.6211082038e-09 0.000121989675465 0.00777805191291 0.0188434900365 0.0439313225588 0.000819155336683 0.00392145509972 0.00345870233834 6.00172366924e+18 4.235 0.43 0.172 0.000224489464937 0.0945373031366 Wt0.00777805191291Lg0.0188434900365Hfin0.0439313225588tox0.000819155336683WbR0.00392145509972WbL0.00345870233834Nfin6.00172366924e+18WF4.235
3.09604259681e-09 0.000101609422389 0.0073985332016 0.0211285922246 0.0427599784173 0.000826315721257 0.00408235297808 0.00351249098169 5.99314236575e+18 4.235 0.43 0.1978 0.000181772566447 0.0780969325677 Wt0.0073985332016Lg0.0211285922246Hfin0.0427599784173tox0.000826315721257WbR0.00408235297808WbL0.00351249098169Nfin5.99314236575e+18WF4.235
5.12783299229e-09 0.000123267767443 0.00722557377232 0.0200499893739 0.0435011137207 0.000771931068039 0.00373228610998 0.00412129609347 5.7794410826e+18 4.235 0.43 0.1806 0.000230259317786 0.0826989535407 Wt0.00722557377232Lg0.0200499893739Hfin0.0435011137207tox0.000771931068039WbR0.00373228610998WbL0.00412129609347Nfin5.7794410826e+18WF4.235
4.97815419766e-09 0.000107827212953 0.00743358092372 0.0201538182781 0.0425995834864 0.000784228578436 0.00352200753707 0.0040506023507 5.73565580278e+18 4.235 0.43 0.1892 0.000177685207492 0.082937399308 Wt0.00743358092372Lg0.0201538182781Hfin0.0425995834864tox0.000784228578436WbR0.00352200753707WbL0.0040506023507Nfin5.73565580278e+18WF4.235
5.05288438412e-09 7.93140109528e-05 0.00760739236569 0.0203112461508 0.0439669489667 0.000776780299916 0.00382979958876 0.00410711847075 5.80680190426e+18 4.235 0.43 0.1806 0.00010988638085 0.0809558931698 Wt0.00760739236569Lg0.0203112461508Hfin0.0439669489667tox0.000776780299916WbR0.00382979958876WbL0.00410711847075Nfin5.80680190426e+18WF4.235
3.58628913903e-09 0.000101209266799 0.00737911473859 0.0200582217005 0.040864420341 0.000795068937153 0.00343188871085 0.00434760886682 6.15109501317e+18 4.235 0.43 0.1978 0.000169914322918 0.0801636565273 Wt0.00737911473859Lg0.0200582217005Hfin0.040864420341tox0.000795068937153WbR0.00343188871085WbL0.00434760886682Nfin6.15109501317e+18WF4.235
2.50373131637e-09 9.91470384177e-05 0.00726570999359 0.021142241514 0.039051983869 0.000778722465131 0.0036128639266 0.00396039198223 6.2794596506e+18 4.235 0.43 0.1978 0.000179843554836 0.0764669450793 Wt0.00726570999359Lg0.021142241514Hfin0.039051983869tox0.000778722465131WbR0.0036128639266WbL0.00396039198223Nfin6.2794596506e+18WF4.235
5.28551102113e-09 7.64499426563e-05 0.00766505478008 0.0203620377161 0.041934765311 0.000824282236723 0.0039619914995 0.0038835185328 5.5725919743e+18 4.235 0.43 0.1806 0.000108116193788 0.0834792779072 Wt0.00766505478008Lg0.0203620377161Hfin0.041934765311tox0.000824282236723WbR0.0039619914995WbL0.0038835185328Nfin5.5725919743e+18WF4.235
4.41573962129e-09 0.000126561684315 0.00802293443428 0.0200363126467 0.0444916913512 0.000773761791148 0.00406129213122 0.00400328133862 6.11930118129e+18 4.235 0.43 0.1892 0.000238587794718 0.0803190864669 Wt0.00802293443428Lg0.0200363126467Hfin0.0444916913512tox0.000773761791148WbR0.00406129213122WbL0.00400328133862Nfin6.11930118129e+18WF4.235
1.10547246999e-08 0.000117713402095 0.00713235427348 0.0186535246023 0.0410608689664 0.000787704428548 0.00394805247297 0.0039215141242 5.72311020121e+18 4.235 0.43 0.172 0.000216129592943 0.0979233749329 Wt0.00713235427348Lg0.0186535246023Hfin0.0410608689664tox0.000787704428548WbR0.00394805247297WbL0.0039215141242Nfin5.72311020121e+18WF4.235
3.06986440575e-09 7.03167013441e-05 0.00772973307807 0.0202977302496 0.0419792005756 0.000838980908433 0.00396803400561 0.00367884861967 6.36035167394e+18 4.235 0.43 0.1978 9.64073446096e-05 0.0782931317196 Wt0.00772973307807Lg0.0202977302496Hfin0.0419792005756tox0.000838980908433WbR0.00396803400561WbL0.00367884861967Nfin6.36035167394e+18WF4.235
5.83855148126e-09 0.00012178413341 0.00695419119321 0.0192690273209 0.0411598458761 0.000744275897485 0.004067194819 0.00350272990191 6.46060797902e+18 4.235 0.43 0.1806 0.000227144881216 0.0854530764491 Wt0.00695419119321Lg0.0192690273209Hfin0.0411598458761tox0.000744275897485WbR0.004067194819WbL0.00350272990191Nfin6.46060797902e+18WF4.235
4.79619923369e-09 7.7479084786e-05 0.0075603383098 0.0204677252006 0.0414864458058 0.000849343564385 0.00409893436617 0.0040261458389 5.60695416497e+18 4.235 0.43 0.18404 0.000114427934776 0.0837343902254 Wt0.0075603383098Lg0.0204677252006Hfin0.0414864458058tox0.000849343564385WbR0.00409893436617WbL0.0040261458389Nfin5.60695416497e+18WF4.235
4.8055665653e-09 7.41115746815e-05 0.00819153717209 0.0202908482276 0.0418366465991 0.000788992969884 0.00386548963435 0.003844151573 5.76771603261e+18 4.235 0.43 0.1892 0.000100674338141 0.0824791150789 Wt0.00819153717209Lg0.0202908482276Hfin0.0418366465991tox0.000788992969884WbR0.00386548963435WbL0.003844151573Nfin5.76771603261e+18WF4.235
4.69666605885e-09 0.00011377723646 0.0074718321776 0.0200941459445 0.0475584344537 0.000802590566088 0.00409014429208 0.00390761304282 5.95709734314e+18 4.235 0.43 0.1892 0.000186206827197 0.0824014173687 Wt0.0074718321776Lg0.0200941459445Hfin0.0475584344537tox0.000802590566088WbR0.00409014429208WbL0.00390761304282Nfin5.95709734314e+18WF4.235
4.05059868871e-09 9.76338818197e-05 0.00783501353506 0.021010449048 0.0406108023552 0.000820847335543 0.00361985977702 0.00360183853986 5.68176848815e+18 4.235 0.43 0.1892 0.000166688616419 0.0803959078726 Wt0.00783501353506Lg0.021010449048Hfin0.0406108023552tox0.000820847335543WbR0.00361985977702WbL0.00360183853986Nfin5.68176848815e+18WF4.235
5.35811223727e-09 9.78074982915e-05 0.00761446526545 0.0200738783162 0.0410858087807 0.000710125253278 0.00383469525145 0.00376010953623 5.85725868422e+18 4.235 0.43 0.1806 0.00014813732166 0.0804811351702 Wt0.00761446526545Lg0.0200738783162Hfin0.0410858087807tox0.000710125253278WbR0.00383469525145WbL0.00376010953623Nfin5.85725868422e+18WF4.235
3.07995616195e-09 6.42868858579e-05 0.007462491601 0.0202822201522 0.0391275126306 0.000840684505845 0.00365088711499 0.00365270154266 6.12812594411e+18 4.235 0.43 0.1978 9.10722073885e-05 0.0800912451339 Wt0.007462491601Lg0.0202822201522Hfin0.0391275126306tox0.000840684505845WbR0.00365088711499WbL0.00365270154266Nfin6.12812594411e+18WF4.235
3.61202143278e-09 0.000100978446981 0.0075012476883 0.021082346885 0.0406775263462 0.000801251541066 0.00363968995925 0.00342477871455 5.90558495184e+18 4.235 0.43 0.1892 0.000174510593894 0.0780939223482 Wt0.0075012476883Lg0.021082346885Hfin0.0406775263462tox0.000801251541066WbR0.00363968995925WbL0.00342477871455Nfin5.90558495184e+18WF4.235
6.64358463183e-09 0.000125438018564 0.00683493534316 0.0199133655776 0.0433603545847 0.000763079573788 0.00377988146561 0.00375399107668 5.62173460134e+18 4.235 0.43 0.172 0.000231149240452 0.0856119815735 Wt0.00683493534316Lg0.0199133655776Hfin0.0433603545847tox0.000763079573788WbR0.00377988146561WbL0.00375399107668Nfin5.62173460134e+18WF4.235
4.79617971661e-09 9.54384292951e-05 0.00790697936253 0.0200880097029 0.042310939993 0.000809143909744 0.00376223019335 0.0042751030503 5.84653207089e+18 4.235 0.43 0.1892 0.000146542816437 0.0827930330104 Wt0.00790697936253Lg0.0200880097029Hfin0.042310939993tox0.000809143909744WbR0.00376223019335WbL0.0042751030503Nfin5.84653207089e+18WF4.235
4.42960529777e-09 8.07773979828e-05 0.00740849101693 0.0202542821735 0.0460507707999 0.00073396295616 0.00392619849587 0.00354937105284 6.07156652684e+18 4.235 0.43 0.1806 0.000113519120091 0.0797447513215 Wt0.00740849101693Lg0.0202542821735Hfin0.0460507707999tox0.00073396295616WbR0.00392619849587WbL0.00354937105284Nfin6.07156652684e+18WF4.235
3.65115576472e-09 8.75610157871e-05 0.00761406493948 0.0207240286222 0.0397928764423 0.000808326989272 0.00357601794996 0.00403270015285 5.92586590509e+18 4.235 0.43 0.1892 0.000145344110517 0.0797476177165 Wt0.00761406493948Lg0.0207240286222Hfin0.0397928764423tox0.000808326989272WbR0.00357601794996WbL0.00403270015285Nfin5.92586590509e+18WF4.235
1.05315996521e-08 0.000128013317915 0.00781758458938 0.0188474885388 0.0412238960299 0.000742278357399 0.00390779845709 0.00402816140332 5.8577284037e+18 4.235 0.43 0.172 0.00023247039876 0.0942885847326 Wt0.00781758458938Lg0.0188474885388Hfin0.0412238960299tox0.000742278357399WbR0.00390779845709WbL0.00402816140332Nfin5.8577284037e+18WF4.235
3.04734418734e-09 0.000103353300882 0.00794196234255 0.0210825851465 0.0411769600301 0.000781797151533 0.00366093862671 0.00400535302942 6.16960451488e+18 4.235 0.43 0.1978 0.000179441145714 0.0771199644962 Wt0.00794196234255Lg0.0210825851465Hfin0.0411769600301tox0.000781797151533WbR0.00366093862671WbL0.00400535302942Nfin6.16960451488e+18WF4.235
6.45158870864e-09 0.000126672299681 0.00802323638886 0.0199896188117 0.0426708151651 0.00076742131534 0.00407315207566 0.0033480053266 5.56150572055e+18 4.235 0.43 0.1806 0.000233811251933 0.0852174684544 Wt0.00802323638886Lg0.0199896188117Hfin0.0426708151651tox0.00076742131534WbR0.00407315207566WbL0.0033480053266Nfin5.56150572055e+18WF4.235
8.62994046752e-09 0.000125270397758 0.0079265519181 0.0194433968524 0.04217467554 0.000772847830926 0.00375219047259 0.00371592701865 5.9074207621e+18 4.235 0.43 0.172 0.000229624468953 0.0912179955739 Wt0.0079265519181Lg0.0194433968524Hfin0.04217467554tox0.000772847830926WbR0.00375219047259WbL0.00371592701865Nfin5.9074207621e+18WF4.235
4.82011999088e-09 7.61561055154e-05 0.00776757649031 0.020275104709 0.0426688840145 0.0007695279173 0.00346282298061 0.00369078726887 5.88065704479e+18 4.235 0.43 0.1806 0.000103613359339 0.0806581015992 Wt0.00776757649031Lg0.020275104709Hfin0.0426688840145tox0.0007695279173WbR0.00346282298061WbL0.00369078726887Nfin5.88065704479e+18WF4.235
6.184783155e-09 0.000108427756306 0.0075745297563 0.0191596206555 0.0397919913425 0.000835188798121 0.00382003715039 0.00402673984493 6.31587017339e+18 4.235 0.43 0.1892 0.000203016888566 0.0888512236931 Wt0.0075745297563Lg0.0191596206555Hfin0.0397919913425tox0.000835188798121WbR0.00382003715039WbL0.00402673984493Nfin6.31587017339e+18WF4.235
1.1532039343e-08 0.000118482323858 0.00722802147155 0.0179056335244 0.0423535334749 0.000797260206166 0.00382449421745 0.00371311158088 6.06643108739e+18 4.235 0.43 0.172 0.0002179282784 0.100122125827 Wt0.00722802147155Lg0.0179056335244Hfin0.0423535334749tox0.000797260206166WbR0.00382449421745WbL0.00371311158088Nfin6.06643108739e+18WF4.235
1.01237069309e-08 0.000121524807459 0.00797717905869 0.0197656613502 0.0413024658021 0.000790044769936 0.00360351836523 0.00378757858888 5.50024114033e+18 4.235 0.43 0.172 0.000221570912452 0.0945048340124 Wt0.00797717905869Lg0.0197656613502Hfin0.0413024658021tox0.000790044769936WbR0.00360351836523WbL0.00378757858888Nfin5.50024114033e+18WF4.235
4.05379524761e-09 9.48699209225e-05 0.00728243965438 0.0205728051573 0.0446519430276 0.000762829852403 0.00367880124164 0.00372121472462 5.99239654465e+18 4.235 0.43 0.1892 0.000160129697509 0.0795592167297 Wt0.00728243965438Lg0.0205728051573Hfin0.0446519430276tox0.000762829852403WbR0.00367880124164WbL0.00372121472462Nfin5.99239654465e+18WF4.235
3.75999381692e-09 0.000102225300019 0.00673079976637 0.0201320484844 0.0439209305777 0.000838327566819 0.00376425979981 0.00379543453362 6.14186476082e+18 4.235 0.43 0.1892 0.000171831930098 0.0803271817379 Wt0.00673079976637Lg0.0201320484844Hfin0.0439209305777tox0.000838327566819WbR0.00376425979981WbL0.00379543453362Nfin6.14186476082e+18WF4.235
3.23457460616e-09 0.000114321981878 0.00776007333288 0.0199822381119 0.0391622934351 0.000763147084904 0.00372896080954 0.00389093928962 6.47095111771e+18 4.235 0.43 0.1978 0.000216524249218 0.0777349049592 Wt0.00776007333288Lg0.0199822381119Hfin0.0391622934351tox0.000763147084904WbR0.00372896080954WbL0.00389093928962Nfin6.47095111771e+18WF4.235
8.49621470883e-09 0.000120045345031 0.00790850852213 0.0186374967719 0.0418542721622 0.000797787265994 0.00353036140134 0.00381188353537 6.22905815244e+18 4.235 0.43 0.1806 0.000221763228431 0.0920609278173 Wt0.00790850852213Lg0.0186374967719Hfin0.0418542721622tox0.000797787265994WbR0.00353036140134WbL0.00381188353537Nfin6.22905815244e+18WF4.235
4.86954402252e-09 0.0001100372078 0.00677239984661 0.0197383969772 0.0396242471933 0.000792424418178 0.00332062772036 0.00359074475191 6.42923454549e+18 4.235 0.43 0.1892 0.000205976264074 0.0835886118482 Wt0.00677239984661Lg0.0197383969772Hfin0.0396242471933tox0.000792424418178WbR0.00332062772036WbL0.00359074475191Nfin6.42923454549e+18WF4.235
3.18420416714e-09 0.00012633897208 0.00713516262495 0.0217253006353 0.0464050749317 0.000755328733246 0.00366535812049 0.00364995264856 6.09717040797e+18 4.235 0.43 0.1892 0.000238057789297 0.0753618472688 Wt0.00713516262495Lg0.0217253006353Hfin0.0464050749317tox0.000755328733246WbR0.00366535812049WbL0.00364995264856Nfin6.09717040797e+18WF4.235
6.66237152107e-09 0.000133172314651 0.00697934331957 0.0199431458587 0.0445232229192 0.000737292080464 0.00381836612325 0.00387581939674 5.68361296871e+18 4.235 0.43 0.172 0.000245385058058 0.0838095725584 Wt0.00697934331957Lg0.0199431458587Hfin0.0445232229192tox0.000737292080464WbR0.00381836612325WbL0.00387581939674Nfin5.68361296871e+18WF4.235
4.11790695409e-09 9.67661530682e-05 0.0078351439123 0.0208620403254 0.0388031950078 0.000748731711911 0.00388050730905 0.00403130373729 5.75624399222e+18 4.235 0.43 0.1892 0.000165127287985 0.079690537583 Wt0.0078351439123Lg0.0208620403254Hfin0.0388031950078tox0.000748731711911WbR0.00388050730905WbL0.00403130373729Nfin5.75624399222e+18WF4.235
1.22298597168e-08 0.000120743257824 0.00772551352157 0.0180523402586 0.044638975232 0.000842228564407 0.00363380017817 0.00360460671384 6.03438918881e+18 4.235 0.43 0.172 0.000221575322337 0.100585581562 Wt0.00772551352157Lg0.0180523402586Hfin0.044638975232tox0.000842228564407WbR0.00363380017817WbL0.00360460671384Nfin6.03438918881e+18WF4.235
4.19423502948e-09 0.000120112671731 0.00747707014351 0.0213606132283 0.0484086764862 0.000812182710714 0.00402713033433 0.0036936186277 5.6884436809e+18 4.235 0.43 0.1892 0.000218309675327 0.0800282367742 Wt0.00747707014351Lg0.0213606132283Hfin0.0484086764862tox0.000812182710714WbR0.00402713033433WbL0.0036936186277Nfin5.6884436809e+18WF4.235
6.27239742557e-09 0.000109420579096 0.00754739445039 0.0189283724854 0.0392208236415 0.000814672127995 0.00401139136819 0.00387502030365 6.39477870801e+18 4.235 0.43 0.1892 0.00020433482658 0.0887747393677 Wt0.00754739445039Lg0.0189283724854Hfin0.0392208236415tox0.000814672127995WbR0.00401139136819WbL0.00387502030365Nfin6.39477870801e+18WF4.235
4.21757014961e-09 9.05076038106e-05 0.00713497897418 0.0207243626063 0.0416761615216 0.000812182246175 0.00396611380652 0.00403710735477 5.67338193047e+18 4.235 0.43 0.1892 0.00015434875672 0.0809579905595 Wt0.00713497897418Lg0.0207243626063Hfin0.0416761615216tox0.000812182246175WbR0.00396611380652WbL0.00403710735477Nfin5.67338193047e+18WF4.235
2.81811433751e-09 8.78992210802e-05 0.00806410628306 0.0201910669649 0.0416479847844 0.000857802321636 0.00376683839821 0.0037396820396 6.45427611895e+18 4.235 0.43 0.2064 0.000137312253982 0.0783820290557 Wt0.00806410628306Lg0.0201910669649Hfin0.0416479847844tox0.000857802321636WbR0.00376683839821WbL0.0037396820396Nfin6.45427611895e+18WF4.235
1.09728565863e-08 0.000125177433715 0.00737511369545 0.018760788909 0.0446600799 0.000795325237482 0.00382401150153 0.00370226401802 5.82413322596e+18 4.235 0.43 0.172 0.00023066796101 0.097315001452 Wt0.00737511369545Lg0.018760788909Hfin0.0446600799tox0.000795325237482WbR0.00382401150153WbL0.00370226401802Nfin5.82413322596e+18WF4.235
3.0606594525e-09 0.000105823186216 0.0074060236067 0.0201362916569 0.0463653684314 0.000840133091304 0.00420137573597 0.00391292981859 6.43283316615e+18 4.235 0.43 0.1978 0.000179640426266 0.0795214861871 Wt0.0074060236067Lg0.0201362916569Hfin0.0463653684314tox0.000840133091304WbR0.00420137573597WbL0.00391292981859Nfin6.43283316615e+18WF4.235
4.37306135888e-09 0.000115718906305 0.00786948205903 0.0198184667205 0.0442555078108 0.000842916340174 0.0036650737224 0.00407452152185 6.26899188373e+18 4.235 0.43 0.1892 0.000219163392734 0.0828071513048 Wt0.00786948205903Lg0.0198184667205Hfin0.0442555078108tox0.000842916340174WbR0.0036650737224WbL0.00407452152185Nfin6.26899188373e+18WF4.235
1.39411652086e-08 0.000123746370759 0.00755277923393 0.0181502017065 0.0429262715468 0.000803122202568 0.00390680248689 0.00381041394782 5.7938390929e+18 4.235 0.43 0.1634 0.000223768513553 0.102863404491 Wt0.00755277923393Lg0.0181502017065Hfin0.0429262715468tox0.000803122202568WbR0.00390680248689WbL0.00381041394782Nfin5.7938390929e+18WF4.235
6.56223064689e-09 0.000123042525976 0.00761417947125 0.0198663794371 0.0416060073533 0.000769250394476 0.00383629986147 0.0040113471603 5.72323135495e+18 4.235 0.43 0.1806 0.000225897499474 0.0856511892317 Wt0.00761417947125Lg0.0198663794371Hfin0.0416060073533tox0.000769250394476WbR0.00383629986147WbL0.0040113471603Nfin5.72323135495e+18WF4.235
3.98799617023e-09 0.000107188386453 0.00716427863374 0.0200613901624 0.0428975099678 0.000761471966401 0.0037583005706 0.00358688191867 6.18937683298e+18 4.235 0.43 0.1892 0.000175181169428 0.0797235493174 Wt0.00716427863374Lg0.0200613901624Hfin0.0428975099678tox0.000761471966401WbR0.0037583005706WbL0.00358688191867Nfin6.18937683298e+18WF4.235
8.20597622529e-09 0.000135243496511 0.0074957117701 0.0198688190668 0.0452500530631 0.000739314921748 0.00365927868589 0.00411772934401 5.42620217054e+18 4.235 0.43 0.172 0.000247589528543 0.0882581794534 Wt0.0074957117701Lg0.0198688190668Hfin0.0452500530631tox0.000739314921748WbR0.00365927868589WbL0.00411772934401Nfin5.42620217054e+18WF4.235
7.38249245147e-09 0.000124536927134 0.00719544284278 0.0195214649741 0.0429559236015 0.000769603696422 0.00366301761046 0.00362202462309 6.06250143403e+18 4.235 0.43 0.1806 0.000229941136183 0.0886601724056 Wt0.00719544284278Lg0.0195214649741Hfin0.0429559236015tox0.000769603696422WbR0.00366301761046WbL0.00362202462309Nfin6.06250143403e+18WF4.235
4.59448039508e-09 7.01601265473e-05 0.00784254930356 0.020270592652 0.0428050584997 0.000854413532894 0.00416602685038 0.00392053385472 5.77771344037e+18 4.235 0.43 0.1892 9.05759700809e-05 0.0831299125861 Wt0.00784254930356Lg0.020270592652Hfin0.0428050584997tox0.000854413532894WbR0.00416602685038WbL0.00392053385472Nfin5.77771344037e+18WF4.235
3.21262601716e-09 6.98385913077e-05 0.00773286373138 0.0204434944626 0.0382893887563 0.000858740381376 0.00399514936245 0.00388856126222 6.02807844888e+18 4.235 0.43 0.1978 0.000103926010957 0.0802513788093 Wt0.00773286373138Lg0.0204434944626Hfin0.0382893887563tox0.000858740381376WbR0.00399514936245WbL0.00388856126222Nfin6.02807844888e+18WF4.235
6.4657192606e-09 0.000129128153631 0.00778920762389 0.0198598618555 0.0430031397537 0.000759842543775 0.00329260512915 0.00371585026745 5.84556665078e+18 4.235 0.43 0.1806 0.000236978186829 0.0838485221162 Wt0.00778920762389Lg0.0198598618555Hfin0.0430031397537tox0.000759842543775WbR0.00329260512915WbL0.00371585026745Nfin5.84556665078e+18WF4.235
7.26863129039e-09 0.000112170211722 0.00809674079841 0.0186199412801 0.041355791102 0.000831223201828 0.00386233577098 0.00373438063615 6.39840752083e+18 4.235 0.43 0.1806 0.000209672351541 0.0916897001709 Wt0.00809674079841Lg0.0186199412801Hfin0.041355791102tox0.000831223201828WbR0.00386233577098WbL0.00373438063615Nfin6.39840752083e+18WF4.235
4.31750273832e-09 8.30356482832e-05 0.00751791493944 0.020507492619 0.0406505478783 0.000792502909624 0.00368835877219 0.00363801858853 5.82210441483e+18 4.235 0.43 0.1892 0.000131187065718 0.0804737632919 Wt0.00751791493944Lg0.020507492619Hfin0.0406505478783tox0.000792502909624WbR0.00368835877219WbL0.00363801858853Nfin5.82210441483e+18WF4.235
