Ioffsat Ionsat Wtsat Lgsat Hfinsat toxsat WbRsat WbLsat Nfinsat vdsat Vthsat gmaxsat SSsat Iofflin Ionlin Wtlin Lglin Hfinlin toxlin WbRlin WbLlin Nfinlin vdlin Vthlin gmaxlin SSlin DIBL
5.78894565005e-08 0.000126519433495 0.0070629380712 0.0182784052069 0.0394826540573 0.00074062204416 0.00799525839613 0.0074938483415 5.74412106496e+18 0.86 0.143501177384 0.000227453739753 0.180213862413  3.32210279497e-09 7.69465049949e-05 0.0070629380712 0.0182784052069 0.0394826540573 0.00074062204416 0.00799525839613 0.0074938483415 5.74412106496e+18 0.05 0.206016709117 0.000109785032316 0.0831384218617  0.0771796688062
4.50274150799e-09 9.66920747546e-05 0.00706211178279 0.0211501521854 0.0400537457847 0.000818034400393 0.0074021964802 0.0077912550461 6.25479855929e+18 0.86 0.197261034525 0.000175454512749 0.0859338537752  9.18393252565e-10 6.36398098678e-05 0.00706211178279 0.0211501521854 0.0400537457847 0.000818034400393 0.0074021964802 0.0077912550461 6.25479855929e+18 0.05 0.236003042352 9.93614504152e-05 0.072463840333  0.0478296392926
1.06983386474e-08 0.000134867872597 0.00705911062117 0.0200105731705 0.0432908174912 0.000720789596464 0.00742235604596 0.00778898255874 5.98091507342e+18 0.86 0.172648806927 0.000251074461575 0.0950795394181  1.77335088946e-09 8.26544466913e-05 0.00705911062117 0.0200105731705 0.0432908174912 0.000720789596464 0.00742235604596 0.00778898255874 5.98091507342e+18 0.05 0.213238983196 0.000120896242876 0.0747172606208  0.0501113287272
6.62736355123e-09 8.55749655259e-05 0.00705835251742 0.0205369805607 0.0447327513508 0.000831748395364 0.00774004056642 0.00744999411085 6.23583492773e+18 0.86 0.188976628427 0.000140929033901 0.0913675667826  1.1148877149e-09 6.74495169361e-05 0.00705835251742 0.0205369805607 0.0447327513508 0.000831748395364 0.00774004056642 0.00744999411085 6.23583492773e+18 0.05 0.231255857292 0.000103028528779 0.0741205163795  0.0521965788457
1.20120934177e-08 0.000130883388199 0.00705715040486 0.0200356837184 0.0475145750638 0.000806399058253 0.00700492203965 0.00799250755871 5.95312634235e+18 0.86 0.173776155532 0.000245506913632 0.100257366127  1.66262616766e-09 8.15133063817e-05 0.00705715040486 0.0200356837184 0.0475145750638 0.000806399058253 0.00700492203965 0.00799250755871 5.95312634235e+18 0.05 0.218978440952 0.000125884228891 0.0754665627653  0.055805290642
1.73222141445e-08 0.000110066516133 0.00705711331424 0.0197284437203 0.0391374498975 0.000823176572514 0.00739673573063 0.00801598760608 6.21316110742e+18 0.86 0.174234213086 0.000205312349136 0.117574879855  1.56783696568e-09 5.9974998024e-05 0.00705711331424 0.0197284437203 0.0391374498975 0.000823176572514 0.00739673573063 0.00801598760608 6.21316110742e+18 0.05 0.227959132321 8.13558706908e-05 0.0778535348543  0.066327060784
3.29225810133e-08 0.0001275762263 0.00705115866357 0.0192187430196 0.0413922459829 0.000758154762717 0.00816018819566 0.00768260236212 5.9288073302e+18 0.86 0.15604789523 0.000232650811808 0.137960113741  2.46647493356e-09 7.44278824341e-05 0.00705115866357 0.0192187430196 0.0413922459829 0.000758154762717 0.00816018819566 0.00768260236212 5.9288073302e+18 0.05 0.212308989113 0.000107864918843 0.0800542030024  0.0694581405963
1.73794406999e-08 0.000128071954793 0.00704814777859 0.0195250107817 0.04008563838 0.000719503744794 0.00794632234059 0.00720230421499 6.35128546071e+18 0.86 0.16765076307 0.000236396774064 0.111365774961  1.89566107983e-09 7.14356184666e-05 0.00704814777859 0.0195250107817 0.04008563838 0.000719503744794 0.00794632234059 0.00720230421499 6.35128546071e+18 0.05 0.215800961698 0.000100605577229 0.0769349898874  0.0594446896642
9.31373561725e-09 0.000130522102544 0.007047501499 0.0199756753393 0.0439652757064 0.000750804390241 0.00760434952511 0.00825406350455 6.18057861421e+18 0.86 0.178282466842 0.000246098607373 0.0944438176197  1.47475286023e-09 8.03577785966e-05 0.007047501499 0.0199756753393 0.0439652757064 0.000750804390241 0.00760434952511 0.00825406350455 6.18057861421e+18 0.05 0.220279300213 0.000122148926688 0.0744674300697  0.0518479424333
4.19953828315e-08 0.000148738263631 0.00704235074903 0.0194271946457 0.0449172821035 0.000704753481153 0.0078951555579 0.00737924762742 5.64492351131e+18 0.86 0.144701300895 0.000267647733653 0.143080884223  3.43126926545e-09 8.42774411419e-05 0.00704235074903 0.0194271946457 0.0449172821035 0.000704753481153 0.0078951555579 0.00737924762742 5.64492351131e+18 0.05 0.198590863223 0.000116381870801 0.0803462340567  0.0665303238617
6.73561081322e-09 8.03217287334e-05 0.00704174643624 0.0202992916109 0.0451339960875 0.000747330569692 0.00780700135606 0.00773028233095 6.42019409654e+18 0.86 0.184073506539 0.000121014666044 0.0885466537035  1.25855488197e-09 6.95976494589e-05 0.00704174643624 0.0202992916109 0.0451339960875 0.000747330569692 0.00780700135606 0.00773028233095 6.42019409654e+18 0.05 0.22323051447 9.42016100323e-05 0.0727810564266  0.0483419851
8.42358837433e-09 7.62518873744e-05 0.00703990771804 0.0203356372228 0.0412074747237 0.000761301152039 0.00746758013334 0.00709479582202 5.97960023617e+18 0.86 0.179957511366 0.000116424211716 0.0939549836269  1.4922731084e-09 6.49287975953e-05 0.00703990771804 0.0203356372228 0.0412074747237 0.000761301152039 0.00746758013334 0.00709479582202 5.97960023617e+18 0.05 0.220102904293 8.85927225453e-05 0.0745636807967  0.0495622134901
1.94915663602e-08 0.000122671622431 0.00703982828736 0.0196208738168 0.0419681442088 0.000784375738671 0.00840721613114 0.00722157771193 6.29069348757e+18 0.86 0.168797164212 0.000227602015999 0.117470716883  1.76460633933e-09 6.78629161975e-05 0.00703982828736 0.0196208738168 0.0419681442088 0.000784375738671 0.00840721613114 0.00722157771193 6.29069348757e+18 0.05 0.221643216653 9.50072285405e-05 0.0776153046942  0.0652420400506
1.06906584222e-08 0.000110792806657 0.00703950109088 0.0199923526146 0.0398983873004 0.000819709839302 0.00684938783822 0.00702856086293 5.79653161887e+18 0.86 0.178390787762 0.000207828985664 0.100707066499  1.57710337924e-09 6.90182627539e-05 0.00703950109088 0.0199923526146 0.0398983873004 0.000819709839302 0.00684938783822 0.00702856086293 5.79653161887e+18 0.05 0.222709866564 0.000105854525591 0.0766706841821  0.0547149121012
9.21284573333e-09 9.93228803175e-05 0.00703691673386 0.0201676759815 0.0413156399814 0.000832659057803 0.00801070684908 0.00730967430848 5.9519545713e+18 0.86 0.183329953427 0.00016353862916 0.0979652480502  1.32424787798e-09 6.56477496937e-05 0.00703691673386 0.0201676759815 0.0413156399814 0.000832659057803 0.00801070684908 0.00730967430848 5.9519545713e+18 0.05 0.228457825539 9.61932235057e-05 0.0752831359563  0.0557134223605
1.23450435271e-08 0.000114529130527 0.00703535441079 0.0209977124642 0.0447992213158 0.000756908546744 0.0079641819399 0.00806535599632 5.40560403835e+18 0.86 0.16932717543 0.000202151098696 0.0998279271511  2.02159997909e-09 7.89062701618e-05 0.00703535441079 0.0209977124642 0.0447992213158 0.000756908546744 0.0079641819399 0.00806535599632 5.40560403835e+18 0.05 0.210460200924 0.00011542980701 0.0755191562847  0.0507815129556
2.90039524658e-08 0.00010902938911 0.00703506448014 0.0187740574716 0.0408399865784 0.00086404606509 0.00826279164776 0.00738626742771 6.29850278906e+18 0.86 0.166869592012 0.000202396367743 0.142997490846  1.74823145634e-09 6.59513522348e-05 0.00703506448014 0.0187740574716 0.0408399865784 0.00086404606509 0.00826279164776 0.00738626742771 6.29850278906e+18 0.05 0.229816099436 0.000103219150881 0.0804274541489  0.0777117375605
1.78990673691e-08 0.000127126246366 0.00703234829335 0.0196656017149 0.0421447522951 0.000762297981719 0.00778160146435 0.00716061778616 6.33824232134e+18 0.86 0.168473747711 0.000235459512869 0.112172307934  1.81908943527e-09 6.9321292207e-05 0.00703234829335 0.0196656017149 0.0421447522951 0.000762297981719 0.00778160146435 0.00716061778616 6.33824232134e+18 0.05 0.218741687083 9.4379029024e-05 0.0772158808823  0.0620591844099
3.44177409625e-08 0.000122798731814 0.007030872369 0.0190788559304 0.0399536383871 0.000765889177067 0.00748272436169 0.00734663423513 5.8312111209e+18 0.86 0.154889920583 0.000223568063403 0.14330149494  2.62264843095e-09 7.25862172436e-05 0.007030872369 0.0190788559304 0.0399536383871 0.000765889177067 0.00748272436169 0.00734663423513 5.8312111209e+18 0.05 0.211389623299 0.000105270231068 0.0806277146632  0.0697527194025
7.0013615044e-09 6.4738784998e-05 0.00702878930032 0.0202464354438 0.0419996436934 0.00088257869558 0.00728963038216 0.0072384396366 6.19717490478e+18 0.86 0.191823999045 8.88207930353e-05 0.0947041294014  1.04794098277e-09 5.58332933183e-05 0.00702878930032 0.0202464354438 0.0419996436934 0.00088257869558 0.00728963038216 0.0072384396366 6.19717490478e+18 0.05 0.237110227608 7.18280601906e-05 0.074782667382  0.0559089241519
4.57520213537e-08 0.000115039584399 0.00702774559569 0.0190059218058 0.0412588693045 0.000847290133198 0.00714235739705 0.00740459742728 5.65793261745e+18 0.86 0.151279149063 0.000208888175825 0.168805919697  2.75415074514e-09 6.90327543707e-05 0.00702774559569 0.0190059218058 0.0412588693045 0.000847290133198 0.00714235739705 0.00740459742728 5.65793261745e+18 0.05 0.215059472779 0.000102967172371 0.083286800602  0.0787411403901
1.7576127186e-08 0.000101585006277 0.00702697681363 0.0192203738312 0.0401282374827 0.000901765919361 0.00735957948297 0.00786440373738 6.51368696703e+18 0.86 0.179917545067 0.000191945080859 0.123165472772  1.27956693254e-09 6.02091526801e-05 0.00702697681363 0.0192203738312 0.0401282374827 0.000901765919361 0.00735957948297 0.00786440373738 6.51368696703e+18 0.05 0.239584778739 9.54926796687e-05 0.0783456205959  0.0736632514469
6.56333456174e-09 9.58412210194e-05 0.00702618704765 0.0209766183731 0.0437962532819 0.000866155024324 0.00763562316656 0.00732031711852 5.98628846383e+18 0.86 0.190108810255 0.000168257046722 0.0918203875519  1.11650707486e-09 6.64319508799e-05 0.00702618704765 0.0209766183731 0.0437962532819 0.000866155024324 0.00763562316656 0.00732031711852 5.98628846383e+18 0.05 0.232483919076 0.000105003083268 0.0744067422888  0.0523149491617
8.13586171015e-09 8.82521922018e-05 0.00702487437369 0.0205098219684 0.0462641805635 0.000823771577045 0.00768984328634 0.00750372335667 6.07799462184e+18 0.86 0.183260888254 0.000143725322987 0.0940970205664  1.30657482624e-09 7.02880296003e-05 0.00702487437369 0.0205098219684 0.0462641805635 0.000823771577045 0.00768984328634 0.00750372335667 6.07799462184e+18 0.05 0.226112317707 0.000105584828827 0.074586613555  0.0529029993247
8.14030898277e-09 7.98507021316e-05 0.00702419543488 0.0205239770604 0.0410995762295 0.000825580320844 0.0080706208636 0.00804952188469 5.90708796111e+18 0.86 0.185577624352 0.00013057995295 0.0952272092945  1.25289763281e-09 6.34824598952e-05 0.00702419543488 0.0205239770604 0.0410995762295 0.000825580320844 0.0080706208636 0.00804952188469 5.90708796111e+18 0.05 0.229336568264 9.51512381221e-05 0.0748917091781  0.0540233875457
1.89228761748e-08 0.000113223116555 0.00702305154185 0.0196112736707 0.0434964971515 0.000875389412493 0.00771061209858 0.00652569948353 6.30638573908e+18 0.86 0.172865112132 0.000211949637277 0.120441645891  1.58084416974e-09 6.39526419813e-05 0.00702305154185 0.0196112736707 0.0434964971515 0.000875389412493 0.00771061209858 0.00652569948353 6.30638573908e+18 0.05 0.229370076394 9.21720353122e-05 0.0782956677687  0.0697592151383
1.55889813612e-08 0.00010712545133 0.00702271295808 0.0197307357804 0.036885977709 0.000808293213242 0.00770952631727 0.00788661517776 6.25623011999e+18 0.86 0.176763240279 0.000199727349963 0.114678656691  1.48293302932e-09 5.79378536801e-05 0.00702271295808 0.0197307357804 0.036885977709 0.000808293213242 0.00770952631727 0.00788661517776 6.25623011999e+18 0.05 0.22922839568 7.76743568382e-05 0.077531589412  0.0647717967914
6.93029955753e-09 0.000114102723515 0.00702064402802 0.0212419846549 0.0450178192496 0.000792887501213 0.00785979234434 0.00720586087241 5.90692594589e+18 0.86 0.183634510744 0.000206663580025 0.0892058713712  1.34501630156e-09 7.44007228943e-05 0.00702064402802 0.0212419846549 0.0450178192496 0.000792887501213 0.00785979234434 0.00720586087241 5.90692594589e+18 0.05 0.222407233615 0.000112946685625 0.0740107517401  0.0478675591
1.21956539486e-08 7.49525240423e-05 0.007020461143 0.0202216309368 0.0446209135655 0.000779319317843 0.00763144299735 0.00793519388539 5.74354960562e+18 0.86 0.172504155564 0.000101799283503 0.100611823198  1.78343813789e-09 6.49805615412e-05 0.007020461143 0.0202216309368 0.0446209135655 0.000779319317843 0.00763144299735 0.00793519388539 5.74354960562e+18 0.05 0.216301692604 7.75157928843e-05 0.076443023281  0.0540710333827
8.17371566426e-09 0.000111019760638 0.00702004174842 0.0198565347119 0.040243969026 0.000815124080165 0.00764775903735 0.00674285257145 6.34287225099e+18 0.86 0.185918007411 0.000210716333318 0.0951989411567  1.227830641e-09 5.33243727534e-05 0.00702004174842 0.0198565347119 0.040243969026 0.000815124080165 0.00764775903735 0.00674285257145 6.34287225099e+18 0.05 0.230904688345 7.06374589478e-05 0.0750605250042  0.0555391122642
9.37970478889e-08 0.000128340276419 0.00701852580068 0.0187280722022 0.0450817028092 0.000836207474014 0.00794812904692 0.00758232375705 5.30115021999e+18 0.86 0.131306542563 0.000228860648056 0.232331578111  4.13286724034e-09 7.8224750495e-05 0.00701852580068 0.0187280722022 0.0450817028092 0.000836207474014 0.00794812904692 0.00758232375705 5.30115021999e+18 0.05 0.204085897975 0.000115592281073 0.0867129481093  0.0898510560642
6.57642390194e-09 0.000103698940546 0.00701786187846 0.0211040445299 0.043406909746 0.000821318121793 0.0067894929583 0.00753871546901 5.94197774241e+18 0.86 0.186703152088 0.000185954275455 0.0895467848649  1.25277868399e-09 6.96056272238e-05 0.00701786187846 0.0211040445299 0.043406909746 0.000821318121793 0.0067894929583 0.00753871546901 5.94197774241e+18 0.05 0.226273318754 0.000107094034351 0.0741693841172  0.0488520576123
2.96152963007e-09 0.000106335836228 0.00701665723185 0.0220288155512 0.03925638891 0.000780360537112 0.00740413686333 0.00747444603384 6.44530683643e+18 0.86 0.203129741994 0.000207045928916 0.0798609204688  7.85590226382e-10 6.47361028393e-05 0.00701665723185 0.0220288155512 0.03925638891 0.000780360537112 0.00740413686333 0.00747444603384 6.44530683643e+18 0.05 0.236651219996 0.000100406785161 0.0710764591463  0.0413845407432
5.22026468641e-08 0.000111212250439 0.0070166197591 0.0182907911382 0.0389411791555 0.000827274349496 0.0077552100714 0.00843994736422 5.90048185022e+18 0.86 0.152022961303 0.0002023170198 0.183267165347  2.53165399399e-09 6.83491514153e-05 0.0070166197591 0.0182907911382 0.0389411791555 0.000827274349496 0.0077552100714 0.00843994736422 5.90048185022e+18 0.05 0.219739285619 0.000103860398536 0.0833738761764  0.0836004003901
2.95691152285e-08 0.000112007656781 0.00701573699482 0.0186894824611 0.0394569866219 0.00082135450928 0.00676617353604 0.00760936076856 6.17426019703e+18 0.86 0.162704952564 0.000206200606393 0.14060198898  2.07170047394e-09 6.78505831831e-05 0.00701573699482 0.0186894824611 0.0394569866219 0.00082135450928 0.00676617353604 0.00760936076856 6.17426019703e+18 0.05 0.222008338584 0.000102572837604 0.0805196651392  0.0732140568148
1.59838803068e-08 7.90419246818e-05 0.00700860443399 0.020409210471 0.0423356485211 0.000823212280057 0.00831613415474 0.00756377425243 5.310943143e+18 0.86 0.1690345697 0.000120475001645 0.111650844892  2.00958671677e-09 6.5377315322e-05 0.00700860443399 0.020409210471 0.0423356485211 0.000823212280057 0.00831613415474 0.00756377425243 5.310943143e+18 0.05 0.216255466335 9.11392928787e-05 0.0778684369566  0.0582974032531
3.03799609562e-08 0.000134015409709 0.00700722737496 0.0192034182294 0.0466046853547 0.000794262566012 0.00717740096049 0.00800709669271 6.1804468636e+18 0.86 0.157991691309 0.00024674027857 0.132132432149  2.25758485913e-09 7.88109752844e-05 0.00700722737496 0.0192034182294 0.0466046853547 0.000794262566012 0.00717740096049 0.00800709669271 6.1804468636e+18 0.05 0.215134997163 0.000117392905103 0.079688592959  0.0705472911778
5.99562945834e-08 0.000131214331847 0.00700573109612 0.0188226226626 0.0455081622977 0.000809906062496 0.00865529502629 0.00762733740586 5.73518802067e+18 0.86 0.143730506523 0.00023742229222 0.180377553667  3.07162525077e-09 7.90434115422e-05 0.00700573109612 0.0188226226626 0.0455081622977 0.000809906062496 0.00865529502629 0.00762733740586 5.73518802067e+18 0.05 0.209970790569 0.000117806878066 0.0831463962189  0.0817781284519
3.09790907184e-08 0.000120030423983 0.00700488355419 0.0190694490133 0.0421600380746 0.00081720452097 0.00804844417354 0.00752968763077 6.11359479854e+18 0.86 0.160888703026 0.000220417954823 0.140169967379  2.09726389061e-09 7.13093243091e-05 0.00700488355419 0.0190694490133 0.0421600380746 0.00081720452097 0.00804844417354 0.00752968763077 6.11359479854e+18 0.05 0.220423964111 0.000106927508328 0.0802207810052  0.0735003223272
8.94471857977e-09 7.92622868279e-05 0.00700069531596 0.0203800462208 0.0407281821155 0.000745196964105 0.00786194999043 0.00805766994416 5.89311376149e+18 0.86 0.178738259069 0.000125349190502 0.0944864147716  1.53040901931e-09 6.68057278905e-05 0.00700069531596 0.0203800462208 0.0407281821155 0.000745196964105 0.00786194999043 0.00805766994416 5.89311376149e+18 0.05 0.219237885947 9.37113210609e-05 0.0746252907702  0.0499995393556
2.14153821792e-08 0.000122727888355 0.00699970302832 0.0196374861269 0.0397971905107 0.000755405391229 0.0076235884942 0.00771821954654 6.04982650108e+18 0.86 0.164787265452 0.000226026070643 0.120331479337  2.05732943022e-09 6.73240288414e-05 0.00699970302832 0.0196374861269 0.0397971905107 0.000755405391229 0.0076235884942 0.00771821954654 6.04982650108e+18 0.05 0.215980107514 9.22635029409e-05 0.0779768227997  0.0632010395827
8.67462279901e-09 7.39080966514e-05 0.00699598933411 0.0203149943865 0.0441040036139 0.000838205676003 0.00797903062899 0.00753393591241 6.0183547895e+18 0.86 0.183934502289 0.000107296842743 0.0969495048182  1.28847821289e-09 6.29330583325e-05 0.00699598933411 0.0203149943865 0.0441040036139 0.000838205676003 0.00797903062899 0.00753393591241 6.0183547895e+18 0.05 0.228498171339 8.5576460005e-05 0.0749981372328  0.0550168753704
8.21871355679e-09 9.22178814312e-05 0.00699130120547 0.0205448945003 0.0429958090752 0.000753760080941 0.0076432409157 0.00787362555982 6.0109707863e+18 0.86 0.179721928679 0.000155672220563 0.0918414657553  1.47009950194e-09 7.24741766001e-05 0.00699130120547 0.0205448945003 0.0429958090752 0.000753760080941 0.0076432409157 0.00787362555982 6.0109707863e+18 0.05 0.219556136154 0.00010582235569 0.0742611791889  0.0491780339198
2.48475370642e-08 0.000128853081099 0.00698645528595 0.0197910233953 0.0419326264458 0.000757095284464 0.00773498038397 0.00835855345145 5.95511568029e+18 0.86 0.161185183159 0.000236532372216 0.123684735588  2.20481895729e-09 6.75789154661e-05 0.00698645528595 0.0197910233953 0.0419326264458 0.000757095284464 0.00773498038397 0.00835855345145 5.95511568029e+18 0.05 0.213783905026 8.4711909445e-05 0.0782010430143  0.064936693663
4.95995547293e-09 0.000103997483148 0.00698430151137 0.0215396967066 0.0426234936626 0.000851351787627 0.00724501711387 0.00749194948062 6.05523083164e+18 0.86 0.194748964853 0.000194589679715 0.0865858428555  9.99764535703e-10 6.59959733294e-05 0.00698430151137 0.0215396967066 0.0426234936626 0.000851351787627 0.00724501711387 0.00749194948062 6.05523083164e+18 0.05 0.233820142441 0.00010391505943 0.0735497177256  0.0482360217136
5.03245109164e-09 9.9164636908e-05 0.00698399102425 0.021255545457 0.0432107256712 0.000867918284466 0.00708707770373 0.007961506974 6.14094650007e+18 0.86 0.196172285924 0.000179886533148 0.0883501829056  9.46980209739e-10 6.48272290603e-05 0.00698399102425 0.021255545457 0.0432107256712 0.000867918284466 0.00708707770373 0.007961506974 6.14094650007e+18 0.05 0.236940102747 0.000103070306824 0.0736893518673  0.0503306380531
2.42355628555e-08 0.000116927793195 0.00697562167234 0.0192712879008 0.0411377923809 0.000813160797382 0.00736933975322 0.00796655797352 6.18470190242e+18 0.86 0.165948750096 0.000216045562293 0.128844140768  1.89862845981e-09 6.84758588451e-05 0.00697562167234 0.0192712879008 0.0411377923809 0.000813160797382 0.00736933975322 0.00796655797352 6.18470190242e+18 0.05 0.222278640615 0.000102210092335 0.0795235747089  0.0695430747148
1.02971313264e-07 0.000126813135229 0.00697555779934 0.0175520353892 0.0449244009049 0.000821566129525 0.00736526710574 0.00750925193575 5.81517138312e+18 0.86 0.130379757071 0.000225587563693 0.249111226181  3.93828862623e-09 8.00602868086e-05 0.00697555779934 0.0175520353892 0.0449244009049 0.000821566129525 0.00736526710574 0.00750925193575 5.81517138312e+18 0.05 0.206645759234 0.000119140465887 0.0866176863479  0.0941555582259
4.49375062172e-09 9.02388993343e-05 0.00697519284163 0.0212186803536 0.0406770999807 0.000896841705093 0.00764896641401 0.00795979321642 6.17448331413e+18 0.86 0.202095839018 0.000164361990939 0.0885394423962  8.08803067352e-10 5.94429139797e-05 0.00697519284163 0.0212186803536 0.0406770999807 0.000896841705093 0.00764896641401 0.00795979321642 6.17448331413e+18 0.05 0.244249171213 9.72518991934e-05 0.0736624025888  0.052041150858
1.12281244806e-08 0.000111390221078 0.00697341216512 0.021214911436 0.045668076886 0.00082831201579 0.00755870523477 0.00784882160707 5.4022763059e+18 0.86 0.174135977699 0.000197576520416 0.099994729359  1.77874014346e-09 7.41234302983e-05 0.00697341216512 0.021214911436 0.045668076886 0.00082831201579 0.00755870523477 0.00784882160707 5.4022763059e+18 0.05 0.216889342142 0.000112502081616 0.076605229893  0.0527819314111
2.75876882348e-08 0.000112418888423 0.00697054786858 0.019278970044 0.0411268910399 0.000847742900149 0.00827080748385 0.00765195124876 6.08360004871e+18 0.86 0.165521073391 0.000207936925869 0.137542798447  1.87549703658e-09 6.60544840264e-05 0.00697054786858 0.019278970044 0.0411268910399 0.000847742900149 0.00827080748385 0.00765195124876 6.08360004871e+18 0.05 0.225412220831 9.99579855251e-05 0.0801821076127  0.0739396881975
5.10201786207e-09 0.000108497065353 0.00697038748018 0.0216100375085 0.0413103222002 0.000800613417185 0.00744394803349 0.00755223247322 5.98572655786e+18 0.86 0.191422175809 0.000204095387777 0.0860269703737  1.10789767533e-09 6.79815666069e-05 0.00697038748018 0.0216100375085 0.0413103222002 0.000800613417185 0.00744394803349 0.00755223247322 5.98572655786e+18 0.05 0.228416443807 0.000104414340858 0.0726243897364  0.0456719358
8.57271337169e-09 6.91653805104e-05 0.0069676082798 0.0202345506597 0.039896867002 0.000749743649572 0.00785582629706 0.00687668750469 5.95058323761e+18 0.86 0.179600140547 9.82687396265e-05 0.0942292129772  1.52313199038e-09 6.06276082944e-05 0.0069676082798 0.0202345506597 0.039896867002 0.000749743649572 0.00785582629706 0.00687668750469 5.95058323761e+18 0.05 0.219516983608 7.49625718433e-05 0.0746453988291  0.0492800531617
7.3690951654e-09 9.23355980339e-05 0.00696320357376 0.0207137783732 0.0434777974248 0.000821395856124 0.00776435260649 0.00820604137768 6.00083476325e+18 0.86 0.186231070087 0.00015844639518 0.0923135161772  1.22451135697e-09 6.83278459928e-05 0.00696320357376 0.0207137783732 0.0434777974248 0.000821395856124 0.00776435260649 0.00820604137768 6.00083476325e+18 0.05 0.228440095788 0.000105402687354 0.0744378406394  0.0521099082728
9.74395096994e-09 8.09716378333e-05 0.00696178276471 0.0203650220522 0.0420420948688 0.00077857913236 0.00792580565566 0.00732747457326 5.83354352893e+18 0.86 0.177695154795 0.000124408780364 0.0970652539604  1.58065390327e-09 6.68196823429e-05 0.00696178276471 0.0203650220522 0.0420420948688 0.00077857913236 0.00792580565566 0.00732747457326 5.83354352893e+18 0.05 0.219561546617 9.21094911264e-05 0.075064043726  0.051686903484
3.66849012463e-08 0.000124750420224 0.0069617117059 0.0185604122009 0.0402105126602 0.00075169495478 0.00804721759489 0.00807474311556 6.12507035017e+18 0.86 0.155474370305 0.000227385431975 0.146283687547  2.43226093628e-09 7.52178873717e-05 0.0069617117059 0.0185604122009 0.0402105126602 0.00075169495478 0.00804721759489 0.00807474311556 6.12507035017e+18 0.05 0.214023117867 0.00010997826008 0.080332864957  0.0722824043975
5.54827296493e-09 9.01187046956e-05 0.00696150905877 0.020919264803 0.0403615955205 0.000839125702721 0.00744228128965 0.00751783419408 6.09952888515e+18 0.86 0.193668169488 0.000159076017008 0.0891847212146  1.02988538095e-09 6.30522353193e-05 0.00696150905877 0.020919264803 0.0403615955205 0.000839125702721 0.00744228128965 0.00751783419408 6.09952888515e+18 0.05 0.23424261944 9.89036617027e-05 0.0739471322723  0.050091913521
3.24617738591e-08 0.000121042810321 0.00695890315258 0.0197166219604 0.0400363853527 0.000780860751834 0.00767581343683 0.00793389291678 5.60133716468e+18 0.86 0.156003264978 0.000220207583869 0.140508063493  2.59772160311e-09 6.54201246116e-05 0.00695890315258 0.0197166219604 0.0400363853527 0.000780860751834 0.00767581343683 0.00793389291678 5.60133716468e+18 0.05 0.211611881885 8.52874870942e-05 0.080618550753  0.0686526134654
3.95748424582e-09 7.885413477e-05 0.00695796797143 0.0209802479943 0.0328066529334 0.000818900823321 0.00773105936914 0.00729633165088 6.17823748567e+18 0.86 0.203166405578 0.000141386717329 0.0861455889358  8.2123186877e-10 5.4174895079e-05 0.00695796797143 0.0209802479943 0.0328066529334 0.000818900823321 0.00773105936914 0.00729633165088 6.17823748567e+18 0.05 0.241776128104 8.43791830311e-05 0.0725607181782  0.0476663241062
2.98211697136e-08 0.000120892578061 0.0069562600985 0.0192762464955 0.0403121406534 0.000780449391873 0.00798370366496 0.00749557755047 5.92228253058e+18 0.86 0.159220374405 0.000221117779309 0.137187840259  2.31877620504e-09 7.04772722095e-05 0.0069562600985 0.0192762464955 0.0403121406534 0.000780449391873 0.00798370366496 0.00749557755047 5.92228253058e+18 0.05 0.21511789255 0.000102731239954 0.0801086580611  0.0690092816605
5.6717560094e-09 0.000113004159867 0.00695442141191 0.0212913281436 0.0435559828269 0.000779112667085 0.006851985856 0.00739146011619 6.08066386852e+18 0.86 0.187077558519 0.000207334149641 0.0861144656177  1.24029002049e-09 7.24838453622e-05 0.00695442141191 0.0212913281436 0.0435559828269 0.000779112667085 0.006851985856 0.00739146011619 6.08066386852e+18 0.05 0.223583838234 0.000109023669871 0.0726841489306  0.0450694811296
3.08446304121e-07 0.000129221326593 0.00694967721957 0.0169736173626 0.0450622368703 0.000796456453826 0.00754438070348 0.00759695991997 5.02855003375e+18 0.86 0.0909244943916 0.000220995553567 0.324694810927  8.35700366145e-09 8.56015755088e-05 0.00694967721957 0.0169736173626 0.0450622368703 0.000796456453826 0.00754438070348 0.00759695991997 5.02855003375e+18 0.05 0.187642472318 0.000121558726141 0.0974863500569  0.11940491102
2.60833874325e-08 0.0001317143265 0.00694854507724 0.019276363143 0.0454257178392 0.000786846542874 0.00759800189305 0.00744285672857 6.23856979922e+18 0.86 0.160950257982 0.000242775686284 0.126133334796  2.14118125996e-09 7.6856612624e-05 0.00694854507724 0.019276363143 0.0454257178392 0.000786846542874 0.00759800189305 0.00744285672857 6.23856979922e+18 0.05 0.215943660834 0.000113526511409 0.0784041388458  0.0678930899407
5.02875762441e-09 5.02875762441e-09 0.00694746608015 0.0201845288039 0.0432516621608 0.000834281040202 0.00778533748687 0.00784513332207 5.9283769441e+18 0.86 0.0 0 0  1.4031836173e-09 6.90308517553e-05 0.00694746608015 0.0201845288039 0.0432516621608 0.000834281040202 0.00778533748687 0.00784513332207 5.9283769441e+18 0.05 0.226163335844 0.000102418624981 0.0753687531351  0.279213994869
5.34385110306e-08 0.000109539059166 0.00694739355368 0.0188396338373 0.0368333540517 0.000817585299858 0.00687967905228 0.00772132904335 5.36407090054e+18 0.86 0.146994816884 0.000196713998072 0.186079298758  3.25052436724e-09 6.61470957436e-05 0.00694739355368 0.0188396338373 0.0368333540517 0.000817585299858 0.00687967905228 0.00772132904335 5.36407090054e+18 0.05 0.210539037121 9.62189935205e-05 0.0854493495421  0.0784496546136
8.29719365638e-09 8.82783063771e-05 0.00694660309578 0.0206111472104 0.0448021199071 0.000845867945167 0.0077017302887 0.00761645385387 5.94179978776e+18 0.86 0.184169390571 0.000146759837158 0.0949557320877  1.29973126272e-09 6.79967449667e-05 0.00694660309578 0.0206111472104 0.0448021199071 0.000845867945167 0.0077017302887 0.00761645385387 5.94179978776e+18 0.05 0.227806681858 0.000104241109794 0.0749251566725  0.0538731991198
7.39674445507e-09 9.95824365874e-05 0.00694578916662 0.0201481504822 0.0416052288799 0.00082966317686 0.00776455751076 0.00745658730976 6.21432418143e+18 0.86 0.18796117439 0.000164739200248 0.0942442702711  1.15554987854e-09 6.58352997358e-05 0.00694578916662 0.0201481504822 0.0416052288799 0.00082966317686 0.00776455751076 0.00745658730976 6.21432418143e+18 0.05 0.231561491222 9.73900782679e-05 0.0745630952185  0.0538275516444
5.98485070296e-09 0.000101233227476 0.00694570489602 0.0206695096397 0.0419702992367 0.000713887113909 0.00715353417002 0.00738673927423 6.31373448708e+18 0.86 0.183859129462 0.000179138992199 0.0857463371231  1.33119485118e-09 7.44156523335e-05 0.00694570489602 0.0206695096397 0.0419702992367 0.000713887113909 0.00715353417002 0.00738673927423 6.31373448708e+18 0.05 0.219278911184 0.000108580247622 0.0723805994462  0.0437281255827
8.57076677883e-09 0.00010959899163 0.00694498843452 0.0207412551357 0.0479656565669 0.000764945448623 0.00752970629307 0.00740883012922 6.0037451665e+18 0.86 0.177249097163 0.000191876544776 0.0914972105538  1.56906267931e-09 8.02234701275e-05 0.00694498843452 0.0207412551357 0.0479656565669 0.000764945448623 0.00752970629307 0.00740883012922 6.0037451665e+18 0.05 0.216719129284 0.000119634791831 0.074263299751  0.0487284347173
8.04215014875e-09 0.00010686907637 0.0069447094758 0.0200489889038 0.0398747241787 0.000837783532544 0.00788138353178 0.00796853426708 6.09942792316e+18 0.86 0.187765212865 0.00020358057996 0.0970312740826  1.16843695577e-09 6.67377343208e-05 0.0069447094758 0.0200489889038 0.0398747241787 0.000837783532544 0.00788138353178 0.00796853426708 6.09942792316e+18 0.05 0.23271252361 0.000106557340947 0.0749488506207  0.0554905070926
1.10542431836e-08 0.000107890285632 0.00693935352291 0.0201984633301 0.045925189164 0.000850546211676 0.00704894123812 0.00801954626979 5.87940360885e+18 0.86 0.17813709456 0.000178294949726 0.100686830193  1.50487985973e-09 7.14348513692e-05 0.00693935352291 0.0201984633301 0.045925189164 0.000850546211676 0.00704894123812 0.00801954626979 5.87940360885e+18 0.05 0.224387106243 0.00010647727096 0.0765426578703  0.0570987798556
2.54558809209e-08 0.000130613583406 0.0069380473091 0.0195771247218 0.0420465275947 0.000747126555154 0.00801517841469 0.00704381620134 5.9892877046e+18 0.86 0.159377201204 0.000238853554629 0.123710307852  2.35749207917e-09 7.26022242531e-05 0.0069380473091 0.0195771247218 0.0420465275947 0.000747126555154 0.00801517841469 0.00704381620134 5.9892877046e+18 0.05 0.211166046006 0.000100108379757 0.0783026692165  0.0639368454346
3.51194167527e-08 0.000126025786111 0.00693471894807 0.01953515339 0.0434873840766 0.000807748303593 0.00780847586931 0.00654474681808 5.68637220858e+18 0.86 0.153373628111 0.000229160696562 0.143203766515  2.74114893698e-09 7.14768382709e-05 0.00693471894807 0.01953515339 0.0434873840766 0.000807748303593 0.00780847586931 0.00654474681808 5.68637220858e+18 0.05 0.210479766371 9.98351741943e-05 0.0809636025311  0.0705014052593
6.89594908036e-09 9.0899254581e-05 0.00693061530207 0.0205250992825 0.0428321786766 0.000763881579493 0.00771731845155 0.00743208469219 6.20261646944e+18 0.86 0.184162502678 0.000152227974051 0.0892109186486  1.2992168646e-09 7.07165822824e-05 0.00693061530207 0.0205250992825 0.0428321786766 0.000763881579493 0.00771731845155 0.00743208469219 6.20261646944e+18 0.05 0.223215534777 0.000103834080734 0.0738397333285  0.0482136198753
1.86056552937e-08 0.000114965184344 0.00692524965514 0.0197733409684 0.0384086183606 0.000779527441496 0.00768602890661 0.00728493601716 6.04594671586e+18 0.86 0.169100666772 0.000212314961189 0.117536875507  1.87668843915e-09 6.12333686954e-05 0.00692524965514 0.0197733409684 0.0384086183606 0.000779527441496 0.00768602890661 0.00728493601716 6.04594671586e+18 0.05 0.219926009392 7.82465119482e-05 0.0779339523844  0.0627473365679
3.58168592382e-09 9.50307453255e-05 0.0069241921472 0.0211983087677 0.0438672070481 0.000897258915699 0.00764884444966 0.007910004155 6.54755085282e+18 0.86 0.206512602754 0.000173970402714 0.0852817119607  6.92149155914e-10 6.22099393608e-05 0.0069241921472 0.0211983087677 0.0438672070481 0.000897258915699 0.00764884444966 0.007910004155 6.54755085282e+18 0.05 0.247589032641 0.000103023552703 0.0721876745039  0.0507116418358
1.06900068895e-08 7.69071251883e-05 0.00692346864262 0.0203589580703 0.0443350006513 0.000869858321079 0.00701449276166 0.00817354256221 5.76242901336e+18 0.86 0.180133334189 0.000113048057723 0.102572638517  1.4555198335e-09 6.31192945571e-05 0.00692346864262 0.0203589580703 0.0443350006513 0.000869858321079 0.00701449276166 0.00817354256221 5.76242901336e+18 0.05 0.22678195311 8.95145452614e-05 0.0767505891131  0.0575908875568
3.15160305172e-08 0.000118925825566 0.00692313827654 0.0193026424405 0.0394862350831 0.000781385111267 0.00798844753276 0.00713355337304 5.78666626018e+18 0.86 0.15753013856 0.000216705367763 0.140337659146  2.47858386289e-09 6.91725624339e-05 0.00692313827654 0.0193026424405 0.0394862350831 0.000781385111267 0.00798844753276 0.00713355337304 5.78666626018e+18 0.05 0.213583930992 9.98971554697e-05 0.0805520138259  0.069202212879
1.42886486817e-08 8.82258964878e-05 0.00691894848363 0.0205298442115 0.0444555281618 0.000816908075905 0.00758199865636 0.00779406806628 5.40806689035e+18 0.86 0.169716878107 0.000142425096423 0.106188234342  1.98758544017e-09 7.03235622124e-05 0.00691894848363 0.0205298442115 0.0444555281618 0.000816908075905 0.00758199865636 0.00779406806628 5.40806689035e+18 0.05 0.214881313845 0.000102222580188 0.0773865841004  0.0557585626395
9.07390158657e-09 9.90400202134e-05 0.00691774801388 0.0201637339432 0.0409711650542 0.000837617398113 0.00749221323693 0.00690586971187 5.93076459789e+18 0.86 0.182956809894 0.00016462114608 0.0977621548164  1.37357256341e-09 6.50938959518e-05 0.00691774801388 0.0201637339432 0.0409711650542 0.000837617398113 0.00749221323693 0.00690586971187 5.93076459789e+18 0.05 0.227197904425 9.56622727967e-05 0.075377329703  0.0546186352235
2.86003877736e-08 0.000120209939108 0.0069154014076 0.0193867362192 0.040489346837 0.000786407860148 0.00815588637695 0.00696197353742 5.89382516983e+18 0.86 0.159729341226 0.000220109426264 0.13463489941  2.31962825679e-09 6.93007701837e-05 0.0069154014076 0.0193867362192 0.040489346837 0.000786407860148 0.00815588637695 0.00696197353742 5.89382516983e+18 0.05 0.215067786005 0.000100136960024 0.0801116341258  0.0683190676284
4.60789325109e-09 0.000118706981067 0.00691422765086 0.0217237618086 0.0452463594873 0.000793772028292 0.00728113995324 0.00746632930995 6.20089978912e+18 0.86 0.191832585711 0.000226072883163 0.0833674541973  1.0712951264e-09 7.35135038627e-05 0.00691422765086 0.0217237618086 0.0452463594873 0.000793772028292 0.00728113995324 0.00746632930995 6.20089978912e+18 0.05 0.227561050265 0.000113141029955 0.0721080448247  0.0441092154988
3.31504228845e-08 0.0001346380485 0.00691417966362 0.0195587597828 0.0472516205514 0.000805182416119 0.00763099006672 0.00720529008473 5.90545462206e+18 0.86 0.154419781748 0.00024631248801 0.137172968197  2.552440507e-09 7.58533282171e-05 0.00691417966362 0.0195587597828 0.0472516205514 0.000805182416119 0.00763099006672 0.00720529008473 5.90545462206e+18 0.05 0.211463276638 0.000106486164896 0.0802469950433  0.0704240677654
4.20661367362e-08 0.000118229610516 0.00691087113603 0.0178112649513 0.0403814327558 0.000785128682867 0.00821160007479 0.00762547476524 6.4350451624e+18 0.86 0.155852961389 0.000215940820638 0.160241472337  2.27315646857e-09 7.31265693894e-05 0.00691087113603 0.0178112649513 0.0403814327558 0.000785128682867 0.00821160007479 0.00762547476524 6.4350451624e+18 0.05 0.21966238159 0.000110009476328 0.0809746565432  0.0787770619765
6.53667497352e-09 9.26729809926e-05 0.00690555668652 0.0208258365202 0.0420718874494 0.000827290126264 0.00751528185348 0.00807257891997 6.04113862855e+18 0.86 0.18904858484 0.000161626900433 0.0913960821986  1.1482049015e-09 6.65558655182e-05 0.00690555668652 0.0208258365202 0.0420718874494 0.000827290126264 0.00751528185348 0.00807257891997 6.04113862855e+18 0.05 0.230424103028 0.000103053217017 0.0742204323831  0.0510808866519
3.61606253601e-08 0.000127572700335 0.0069034733922 0.0189032346931 0.0422847118225 0.00077346610251 0.00806999272912 0.00731437092985 6.01400521416e+18 0.86 0.154406903869 0.000232099088974 0.143593103103  2.53529346999e-09 7.62247169866e-05 0.0069034733922 0.0189032346931 0.0422847118225 0.00077346610251 0.00806999272912 0.00731437092985 6.01400521416e+18 0.05 0.21252110378 0.000111493086457 0.0804543392154  0.071745925816
5.82629152462e-09 6.62026096091e-05 0.00690031847782 0.0202450251675 0.040592293376 0.000801401780338 0.00738971186146 0.0075775219973 6.40147110501e+18 0.86 0.191702629504 9.36720348842e-05 0.0891470476191  1.055433347e-09 5.78977012802e-05 0.00690031847782 0.0202450251675 0.040592293376 0.000801401780338 0.00738971186146 0.0075775219973 6.40147110501e+18 0.05 0.23230425267 7.44720367983e-05 0.0737908672928  0.0501254606988
2.49871875318e-08 0.000117786543564 0.00689826466361 0.0191858826306 0.0408886731858 0.000803543287084 0.00798318745504 0.0069743981947 6.15768829246e+18 0.86 0.164427074341 0.000217299409432 0.129160179365  2.00525605142e-09 6.93878970121e-05 0.00689826466361 0.0191858826306 0.0408886731858 0.000803543287084 0.00798318745504 0.0069743981947 6.15768829246e+18 0.05 0.220293651859 0.000103460288217 0.0796710924972  0.0689710833556
2.56611192613e-08 0.000116382496927 0.0068964663504 0.0192309884746 0.0435553218752 0.000857271311953 0.00774519091547 0.0080594126795 6.25257495436e+18 0.86 0.166991589128 0.000216224399039 0.132084687446  1.77299430166e-09 6.85717878427e-05 0.0068964663504 0.0192309884746 0.0435553218752 0.000857271311953 0.00774519091547 0.0080594126795 6.25257495436e+18 0.05 0.226792576927 0.000104935002021 0.0798392948325  0.0738283799988
4.74951436466e-09 0.000110267365666 0.0068940558347 0.0217361863618 0.04354451321 0.000828710457378 0.00717508116114 0.00703019613871 6.0591137941e+18 0.86 0.193264440927 0.000209609657031 0.0855167208531  1.05758958309e-09 6.86351517564e-05 0.0068940558347 0.0217361863618 0.04354451321 0.000828710457378 0.00717508116114 0.00703019613871 6.0591137941e+18 0.05 0.230138756281 0.000106440977544 0.0725443683692  0.045523846116
2.74501865253e-08 0.000130510288438 0.00689293143791 0.0191178397155 0.044196927537 0.000777335416761 0.00746342170362 0.00755413802491 6.212473555e+18 0.86 0.159799740316 0.000240014098513 0.128909940075  2.22505794913e-09 7.68956042781e-05 0.00689293143791 0.0191178397155 0.044196927537 0.000777335416761 0.00746342170362 0.00755413802491 6.212473555e+18 0.05 0.214938978812 0.000113435157334 0.0794860299833  0.0680731339457
5.24506494377e-08 0.000133984263558 0.00689140829417 0.0184475404358 0.0426722645205 0.000746868242598 0.00774257039617 0.00746521764003 5.88376745148e+18 0.86 0.144441782968 0.000241191783942 0.166140492218  3.22097551131e-09 8.10425278837e-05 0.00689140829417 0.0184475404358 0.0426722645205 0.000746868242598 0.00774257039617 0.00746521764003 5.88376745148e+18 0.05 0.205433172263 0.000115992660649 0.082496811379  0.0752980114753
1.00759770977e-08 0.000110830385961 0.00689047162693 0.0208758064232 0.0449961690552 0.000749277024287 0.00816673683264 0.00792095378443 5.68117326993e+18 0.86 0.173626350795 0.000195263158925 0.094637311401  1.77529509474e-09 7.83460542539e-05 0.00689047162693 0.0208758064232 0.0449961690552 0.000749277024287 0.00816673683264 0.00792095378443 5.68117326993e+18 0.05 0.213437939041 0.000115106890629 0.0748126787289  0.0491501089457
6.84969587545e-09 0.000112925764039 0.00688850145361 0.0199373596407 0.0422275413598 0.000833454676826 0.00763568462449 0.00757396521657 6.61996077888e+18 0.86 0.190925758338 0.000216039641233 0.0922913822952  1.02603062174e-09 5.24540341561e-05 0.00688850145361 0.0199373596407 0.0422275413598 0.000833454676826 0.00763568462449 0.00757396521657 6.61996077888e+18 0.05 0.236481045422 6.52074758113e-05 0.0744615435338  0.0562410951654
8.37027512107e-09 9.63967962799e-05 0.00688815269067 0.0209798887699 0.0389339271147 0.000785544533416 0.00858051350523 0.00705840332816 5.58293593357e+18 0.86 0.181331347602 0.000171171380158 0.0947140693991  1.49983804969e-09 6.66363460041e-05 0.00688815269067 0.0209798887699 0.0389339271147 0.000785544533416 0.00858051350523 0.00705840332816 5.58293593357e+18 0.05 0.22145542907 9.99327826336e-05 0.0749624852213  0.0495359030469
6.24926609783e-09 0.000106556234464 0.00688683455639 0.021425618652 0.0433064715427 0.000835581269575 0.00780017906513 0.0075482208767 5.85513668017e+18 0.86 0.188645549001 0.00019619904464 0.0894194283816  1.19129027683e-09 6.80798504771e-05 0.00688683455639 0.021425618652 0.0433064715427 0.000835581269575 0.00780017906513 0.0075482208767 5.85513668017e+18 0.05 0.22847407545 0.00010544702671 0.0741454488432  0.0491710203074
2.44702676269e-08 0.00012766452086 0.00688476561923 0.0196639211428 0.0400010489887 0.000731883111936 0.00791637347375 0.00739299294334 5.88604519326e+18 0.86 0.159859805839 0.000233316937815 0.123349627598  2.39503261366e-09 6.93568218792e-05 0.00688476561923 0.0196639211428 0.0400010489887 0.000731883111936 0.00791637347375 0.00739299294334 5.88604519326e+18 0.05 0.210329180552 9.29790350321e-05 0.0782960028542  0.062307870016
5.3242777423e-08 0.000135588269257 0.00688291761613 0.0188678716038 0.0448106390839 0.000772933343866 0.00790172049558 0.0076649448682 5.72068081749e+18 0.86 0.143834833376 0.000244596886785 0.166288925167  3.26253677042e-09 8.12071669634e-05 0.00688291761613 0.0188678716038 0.0448106390839 0.000772933343866 0.00790172049558 0.0076649448682 5.72068081749e+18 0.05 0.205477293018 0.000117946700237 0.082711369831  0.0761018020272
1.08421100918e-08 7.55715748554e-05 0.00688164753559 0.0203114009228 0.0425984208225 0.000789698054707 0.00798911022623 0.00745591627382 5.76217504551e+18 0.86 0.175904570135 0.000110732734228 0.0998316511921  1.65664719179e-09 6.47238049265e-05 0.00688164753559 0.0203114009228 0.0425984208225 0.000789698054707 0.00798911022623 0.00745591627382 5.76217504551e+18 0.05 0.219052605835 8.55387873945e-05 0.0754617650777  0.0532691798765
1.67159107686e-08 0.000123049256727 0.00688116496161 0.0196751980282 0.0410604759319 0.000765689740405 0.00770600245437 0.00776881216085 6.35771552795e+18 0.86 0.170788791603 0.000228847527482 0.111746831248  1.72155164268e-09 6.71179776626e-05 0.00688116496161 0.0196751980282 0.0410604759319 0.000765689740405 0.00770600245437 0.00776881216085 6.35771552795e+18 0.05 0.220833066047 9.21393735437e-05 0.0771319667391  0.0617830548691
5.08612968481e-09 0.000115954002641 0.00688022563383 0.0215437258313 0.0423570032199 0.000765463155979 0.0078026447717 0.00770517823406 6.10210886514e+18 0.86 0.189422896026 0.000217258456557 0.0852164032051  1.14980363743e-09 7.23090804936e-05 0.00688022563383 0.0215437258313 0.0423570032199 0.000765463155979 0.0078026447717 0.00770517823406 6.10210886514e+18 0.05 0.22533903111 0.000109051662532 0.0723108160068  0.0443409075111
1.79620181566e-08 0.000121057454423 0.006871915456 0.0197434440795 0.0403674462467 0.000768443137932 0.00699419503081 0.00723057161556 6.15768872727e+18 0.86 0.167840401941 0.000223747137499 0.114391681489  1.94438123364e-09 6.48561288346e-05 0.006871915456 0.0197434440795 0.0403674462467 0.000768443137932 0.00699419503081 0.00723057161556 6.15768872727e+18 0.05 0.217159972985 8.50174119056e-05 0.0776250300813  0.0608883593136
1.61226617105e-09 1.61226617105e-09 0.00687017982813 0.0201704041 0.043376738328 0.000879731020788 0.00735963252326 0.00783974806047 6.01781887067e+18 0.86 0.0 0 0  1.23458615152e-09 6.49500258017e-05 0.00687017982813 0.0201704041 0.043376738328 0.000879731020788 0.00735963252326 0.00783974806047 6.01781887067e+18 0.05 0.232265633516 9.82076688229e-05 0.0754271023521  0.286747695699
2.86416226757e-08 0.000117794067331 0.00687050460862 0.0192686921353 0.0450297221829 0.000874926977031 0.00766610720195 0.00779607537405 6.1608012178e+18 0.86 0.164144346855 0.000218449248237 0.137492381774  1.90006897269e-09 6.94573800992e-05 0.00687050460862 0.0192686921353 0.0450297221829 0.000874926977031 0.00766610720195 0.00779607537405 6.1608012178e+18 0.05 0.225305751174 0.000106282883324 0.0803002110515  0.0755079065667
5.87425408382e-09 8.08454063673e-05 0.00686862685252 0.0203831094331 0.0433745814989 0.000768111399825 0.00701666875494 0.0077596203522 6.45310732995e+18 0.86 0.187997131268 0.000127800924189 0.0867625257679  1.16154911976e-09 6.71735405749e-05 0.00686862685252 0.0203831094331 0.0433745814989 0.000768111399825 0.00701666875494 0.0077596203522 6.45310732995e+18 0.05 0.226492283051 9.62430537706e-05 0.0727009828194  0.0475248787444
2.97080657983e-08 0.000129977289637 0.00686848956644 0.0183695099389 0.0429647245023 0.000756654899633 0.00839044921757 0.00693033797787 6.5700686185e+18 0.86 0.159745939862 0.000238057944275 0.132124574608  2.12832929478e-09 7.84286415419e-05 0.00686848956644 0.0183695099389 0.0429647245023 0.000756654899633 0.00839044921757 0.00693033797787 6.5700686185e+18 0.05 0.216794930422 0.00011513325583 0.0793729572684  0.0704308525432
1.2403638408e-08 0.000121181604593 0.00686757512508 0.0198088287502 0.0418950786373 0.000788296098649 0.00771235005318 0.00726944476356 6.00656486617e+18 0.86 0.174285050666 0.000225922655689 0.102928111925  1.68027994076e-09 5.89221101079e-05 0.00686757512508 0.0198088287502 0.0418950786373 0.000788296098649 0.00771235005318 0.00726944476356 6.00656486617e+18 0.05 0.220496755861 7.88122454219e-05 0.0768063371571  0.0570514878951
6.39963859242e-09 7.84462177162e-05 0.00686542556486 0.0206019037309 0.0392789984944 0.000834995933902 0.00757369706832 0.00723710049978 6.03257377399e+18 0.86 0.190628235565 0.000131338377841 0.0918457192107  1.13215856452e-09 6.07024070797e-05 0.00686542556486 0.0206019037309 0.0392789984944 0.000834995933902 0.00757369706832 0.00723710049978 6.03257377399e+18 0.05 0.2320037654 9.22883347833e-05 0.074430259268  0.0510809010309
5.12770753129e-08 0.000120852318963 0.00686464129999 0.0185469122073 0.0459891472414 0.000878657245574 0.00713925482739 0.00743675851117 5.9683266586e+18 0.86 0.149669796762 0.000220533917601 0.174584986061  2.64556863476e-09 7.40479813434e-05 0.00686464129999 0.0185469122073 0.0459891472414 0.000878657245574 0.00713925482739 0.00743675851117 5.9683266586e+18 0.05 0.217791910889 0.00011428205004 0.0833924737502  0.0841013754654
3.3824269248e-08 0.000130216384558 0.00686389140954 0.0191614592273 0.0432413114212 0.000769532118496 0.00713291594083 0.00800651786404 5.9390872339e+18 0.86 0.154401101139 0.000236951548361 0.1380452619  2.59981256307e-09 7.6494554473e-05 0.00686389140954 0.0191614592273 0.0432413114212 0.000769532118496 0.00713291594083 0.00800651786404 5.9390872339e+18 0.05 0.210680758584 0.000110720111833 0.0802827765135  0.0694810585741
6.89367215428e-09 0.000101751551302 0.00686343875834 0.0212801809227 0.0428415994486 0.000856368951616 0.0081757473855 0.00751337385226 5.80082768844e+18 0.86 0.188250668706 0.000183491348992 0.0920985030811  1.19597976806e-09 6.67069195211e-05 0.00686343875834 0.0212801809227 0.0428415994486 0.000856368951616 0.0081757473855 0.00751337385226 5.80082768844e+18 0.05 0.230074050325 0.000104112683512 0.0745589215419  0.0516338044679
2.30533349175e-08 0.000127216559948 0.00686304780564 0.0195998963225 0.0415774006323 0.00075677165446 0.00749997860156 0.00683795649873 6.02048466754e+18 0.86 0.16128106233 0.000233069819924 0.120729931322  2.29360416136e-09 7.04183762685e-05 0.00686304780564 0.0195998963225 0.0415774006323 0.00075677165446 0.00749997860156 0.00683795649873 6.02048466754e+18 0.05 0.21204450331 9.65675027399e-05 0.0782289691636  0.0626709147901
2.58189824248e-08 0.000126237896081 0.00686116431949 0.0193582865993 0.0425983994119 0.000780769734528 0.00799569164492 0.00722278664373 6.12850093546e+18 0.86 0.161530731431 0.000231527140296 0.126550928037  2.15583768705e-09 7.2890605955e-05 0.00686116431949 0.0193582865993 0.0425983994119 0.000780769734528 0.00799569164492 0.00722278664373 6.12850093546e+18 0.05 0.216018868029 0.000105590177164 0.0794102306573  0.067269304442
1.00999761292e-08 0.000124935475422 0.00685983054139 0.0198791805941 0.0431641026147 0.000774587959427 0.00759887423052 0.00713440568112 6.21410992416e+18 0.86 0.177327489554 0.000233148586118 0.0971034290415  1.55569781188e-09 5.8477979873e-05 0.00685983054139 0.0198791805941 0.0431641026147 0.000774587959427 0.00759887423052 0.00713440568112 6.21410992416e+18 0.05 0.220997882939 7.34504875603e-05 0.0752382305783  0.0539140659074
5.16338935333e-09 0.000106508238237 0.0068545964378 0.021335569485 0.0443101912527 0.000838323792313 0.00747051872174 0.00766904907415 6.13955829235e+18 0.86 0.193051678525 0.000195883201333 0.0865725745726  1.0364043551e-09 6.87204390024e-05 0.0068545964378 0.021335569485 0.0443101912527 0.000838323792313 0.00747051872174 0.00766904907415 6.13955829235e+18 0.05 0.23201510452 0.000108092933073 0.0735254552082  0.0481029950556
6.22574826005e-09 0.000114024416304 0.00685436296305 0.021268087552 0.0409918907506 0.000732840416608 0.00759737971539 0.00762719240625 5.93661746258e+18 0.86 0.183527699179 0.000208588550824 0.0864569028999  1.38761559132e-09 7.30595781446e-05 0.00685436296305 0.021268087552 0.0409918907506 0.000732840416608 0.00759737971539 0.00762719240625 5.93661746258e+18 0.05 0.219062654461 0.000107246815476 0.072753026099  0.043870315163
7.63572422464e-09 8.12415138297e-05 0.00684774922096 0.0205283314594 0.0409932973534 0.000810208525516 0.00691093290677 0.00723129272969 5.94637892312e+18 0.86 0.184141571001 0.000134196327604 0.093907699041  1.36265820555e-09 6.43985101839e-05 0.00684774922096 0.0205283314594 0.0409932973534 0.000810208525516 0.00691093290677 0.00723129272969 5.94637892312e+18 0.05 0.224781458371 9.54560602227e-05 0.0747198239564  0.0501727004568
3.89539619664e-09 0.000108878495407 0.00684512467774 0.0214523439335 0.0421095283936 0.000791477602416 0.00831811395808 0.00788984186696 6.4229698125e+18 0.86 0.19804640923 0.000205088756617 0.0829067001102  8.80055390307e-10 6.84477337865e-05 0.00684512467774 0.0214523439335 0.0421095283936 0.000791477602416 0.00831811395808 0.00788984186696 6.4229698125e+18 0.05 0.23469173133 0.000106656105362 0.0717703724149  0.0452411383951
1.04569382782e-08 8.92731285715e-05 0.00683850929476 0.0205008348012 0.0449095735618 0.000791063093348 0.0075294531985 0.00785115448761 5.76992144292e+18 0.86 0.175467518112 0.000145441787818 0.0974557912258  1.67713940501e-09 7.17484405259e-05 0.00683850929476 0.0205008348012 0.0449095735618 0.000791063093348 0.0075294531985 0.00785115448761 5.76992144292e+18 0.05 0.217687828124 0.000104802142389 0.0752575612167  0.052123839521
6.21648860374e-09 8.40517074597e-05 0.00683680157718 0.0204510978572 0.0424925709067 0.000757501390639 0.0082267393618 0.00864565889453 6.36039733235e+18 0.86 0.187678061178 0.00013814205397 0.088590492054  1.14495645059e-09 6.84122491848e-05 0.00683680157718 0.0204510978572 0.0424925709067 0.000757501390639 0.0082267393618 0.00864565889453 6.36039733235e+18 0.05 0.227393427026 0.000100728840791 0.0727714368845  0.0490313158617
2.9651934274e-08 0.000106072476931 0.00683621508591 0.0191735512389 0.0421545864568 0.000921150881321 0.00710030172417 0.00804682145143 6.08868035704e+18 0.86 0.166573029829 0.000196400024905 0.145898321151  1.79663626893e-09 6.32360112964e-05 0.00683621508591 0.0191735512389 0.0421545864568 0.000921150881321 0.00710030172417 0.00804682145143 6.08868035704e+18 0.05 0.230730534371 9.81396791891e-05 0.0810126757055  0.0792067957309
5.66443946043e-09 7.31782972704e-05 0.00683067594939 0.0202654594478 0.0419560213524 0.000776169565903 0.00807281255351 0.00702241186364 6.51100011545e+18 0.86 0.190293720011 0.000106685073769 0.0881259344588  1.08459525637e-09 6.22442643393e-05 0.00683067594939 0.0202654594478 0.0419560213524 0.000776169565903 0.00807281255351 0.00702241186364 6.51100011545e+18 0.05 0.229568133429 8.3362717934e-05 0.0727161281678  0.0484869301457
6.94112671822e-09 0.000100670504333 0.00682438952498 0.0209424277921 0.043361403082 0.000807685724817 0.00840939965717 0.00790452592517 5.97053335554e+18 0.86 0.186196244053 0.000177435965718 0.0913631213791  1.23961472887e-09 7.00872392395e-05 0.00682438952498 0.0209424277921 0.043361403082 0.000807685724817 0.00840939965717 0.00790452592517 5.97053335554e+18 0.05 0.226907278574 0.000107993273335 0.0742069792587  0.0502605364457
4.08044043806e-08 0.000122552484366 0.00682433594854 0.0190844883705 0.0420564572505 0.000807250662519 0.00801598304386 0.00777635647736 5.80528213396e+18 0.86 0.152991073175 0.000222673620729 0.154762238307  2.61756441449e-09 7.27754864421e-05 0.00682433594854 0.0190844883705 0.0420564572505 0.000807250662519 0.00801598304386 0.00777635647736 5.80528213396e+18 0.05 0.213800454892 0.000107305604181 0.0822248575503  0.0750733107617
9.91279248055e-09 0.00010653306966 0.00681914458622 0.0201677918635 0.0418561189092 0.000786982697777 0.00713248245618 0.00745552736702 5.89003103947e+18 0.86 0.177481778886 0.000175061446833 0.0973465200666  1.60230802404e-09 7.00866645128e-05 0.00681914458622 0.0201677918635 0.0418561189092 0.000786982697777 0.00713248245618 0.00745552736702 5.89003103947e+18 0.05 0.21958818944 9.87695756395e-05 0.0752231831145  0.0519832229062
4.04079505974e-08 0.000119850427848 0.00681904155193 0.0188592642445 0.040593366643 0.000792999460815 0.00836040955371 0.00804283024633 5.88804180486e+18 0.86 0.154291812134 0.000218182729129 0.155055111119  2.51239467705e-09 7.18430282113e-05 0.00681904155193 0.0188592642445 0.040593366643 0.000792999460815 0.00836040955371 0.00804283024633 5.88804180486e+18 0.05 0.215196173322 0.000106428323992 0.0811205771872  0.0751905693679
7.81287948648e-09 0.000108111588567 0.00681497839184 0.0201521616567 0.0437072392029 0.000793916866107 0.00766249473994 0.00731007163815 6.22521345295e+18 0.86 0.183337385595 0.000179403979909 0.0922163655783  1.31923262216e-09 7.08625534489e-05 0.00681497839184 0.0201521616567 0.0437072392029 0.000793916866107 0.00766249473994 0.00731007163815 6.22521345295e+18 0.05 0.224919180548 0.000102195133594 0.074407430189  0.0513355493247
2.64825660228e-08 0.000105169807558 0.00681484973715 0.0190187891709 0.036618407027 0.00082379258268 0.00745018311031 0.00822163748286 6.03533451468e+18 0.86 0.166639606285 0.000193795302803 0.137862239691  1.91567628215e-09 6.27738819292e-05 0.00681484973715 0.0190187891709 0.036618407027 0.00082379258268 0.00745018311031 0.00822163748286 6.03533451468e+18 0.05 0.22499202483 9.46100952488e-05 0.0803635964336  0.0720400228951
4.37879268011e-08 0.000132598459015 0.00680574280649 0.0197842832692 0.0427540059296 0.000763217516509 0.00746189602665 0.00778005729062 5.36633938457e+18 0.86 0.14581312779 0.000238173297131 0.152197101133  3.40759920206e-09 6.9896158391e-05 0.00680574280649 0.0197842832692 0.0427540059296 0.000763217516509 0.00746189602665 0.00778005729062 5.36633938457e+18 0.05 0.202070834046 8.48291396845e-05 0.0824740536707  0.0694539583407
3.14775528862e-08 0.000129829274773 0.00680122888244 0.0192121378748 0.0403110948639 0.000727357954447 0.00727550259271 0.00758609837986 5.83087095976e+18 0.86 0.153921468387 0.000235774561972 0.134645541344  2.78778524526e-09 7.55732083875e-05 0.00680122888244 0.0192121378748 0.0403110948639 0.000727357954447 0.00727550259271 0.00758609837986 5.83087095976e+18 0.05 0.206449484449 0.000107104742104 0.0800524795355  0.0648494025457
6.45679552741e-09 0.000110567334386 0.00680032331223 0.0218271569361 0.0375069744709 0.000746389532573 0.00727410965855 0.00777849535915 5.52690520443e+18 0.86 0.183168556768 0.000206458417132 0.088558907962  1.48256163066e-09 6.80250619537e-05 0.00680032331223 0.0218271569361 0.0375069744709 0.000746389532573 0.00727410965855 0.00777849535915 5.52690520443e+18 0.05 0.218208028764 9.86975880355e-05 0.0740508257994  0.0432586074025
5.00481143908e-09 0.000111073659862 0.00679440085378 0.0215104383475 0.0415603288942 0.000776049477254 0.00817491006692 0.00682611409911 6.08639432188e+18 0.86 0.190188100762 0.000207090629634 0.0853286732193  1.14725857528e-09 6.97063050156e-05 0.00679440085378 0.0215104383475 0.0415603288942 0.000776049477254 0.00817491006692 0.00682611409911 6.08639432188e+18 0.05 0.225918388693 0.000104974852293 0.0724096286848  0.0441114665815
1.11508022725e-08 0.000105685955319 0.00679434633019 0.0201904604443 0.0463616468868 0.000875709423244 0.00723869841273 0.00767843411728 5.87056897725e+18 0.86 0.178779305033 0.00017506847926 0.102641762701  1.48618843183e-09 6.98411893264e-05 0.00679434633019 0.0201904604443 0.0463616468868 0.000875709423244 0.00723869841273 0.00767843411728 5.87056897725e+18 0.05 0.225823863378 0.000104735791744 0.0767506199291  0.0580797016605
7.84987355051e-09 0.000115651204275 0.00678785860041 0.0209237735884 0.0428000158804 0.000700195214842 0.00751762857517 0.00737833184058 5.90971269301e+18 0.86 0.175950024276 0.000208004557678 0.0886632523549  1.71010904366e-09 7.93326908781e-05 0.00678785860041 0.0209237735884 0.0428000158804 0.000700195214842 0.00751762857517 0.00737833184058 5.90971269301e+18 0.05 0.211285225622 0.000113419660598 0.0738358051068  0.0436237053654
6.84627404669e-09 8.39624160812e-05 0.00678723819705 0.0206762344585 0.0414104043248 0.000850288704476 0.00760566216544 0.0073974582727 6.00256249675e+18 0.86 0.18917882094 0.000142307211299 0.0923622450225  1.16660518681e-09 6.31908349738e-05 0.00678723819705 0.0206762344585 0.0414104043248 0.000850288704476 0.00760566216544 0.0073974582727 6.00256249675e+18 0.05 0.231340220032 9.74367697329e-05 0.0745922660937  0.0520511099901
4.0125205104e-08 0.00011687313671 0.00678531320429 0.0185269654637 0.0429863076488 0.000857459402544 0.00751398659304 0.00754521142192 6.17262580657e+18 0.86 0.156774238158 0.000213699038966 0.157601393285  2.24697924402e-09 7.13659243486e-05 0.00678531320429 0.0185269654637 0.0429863076488 0.000857459402544 0.00751398659304 0.00754521142192 6.17262580657e+18 0.05 0.221629649915 0.000109255127982 0.0823200003634  0.0800684095765
6.77516088306e-09 0.000102802527327 0.00678392239629 0.0208893482956 0.0450542161374 0.000804814425 0.00761876136401 0.00752925178887 6.06930251688e+18 0.86 0.185278589622 0.000181137263363 0.0893843902591  1.27942790345e-09 7.24026056377e-05 0.00678392239629 0.0208893482956 0.0450542161374 0.000804814425 0.00761876136401 0.00752925178887 6.06930251688e+18 0.05 0.224791416085 0.000111076149961 0.0740491228356  0.0487812672383
5.03954836187e-08 0.000128639209448 0.00677967171825 0.0191246383679 0.0438343940856 0.00080220130994 0.00768548811416 0.00726353699182 5.55817123614e+18 0.86 0.145119926378 0.000232041958874 0.166235436479  3.28202579441e-09 7.62496181824e-05 0.00677967171825 0.0191246383679 0.0438343940856 0.00080220130994 0.00768548811416 0.00726353699182 5.55817123614e+18 0.05 0.206326026864 0.00011042821576 0.0831614942469  0.0755630870198
8.27356641267e-09 0.000106024071903 0.00677745444331 0.0201224239587 0.0419203071441 0.000779621016595 0.00768719959282 0.00686925937271 6.12720965438e+18 0.86 0.181212759746 0.000173697366865 0.0939680991558  1.42845719392e-09 6.99061256141e-05 0.00677745444331 0.0201224239587 0.0419203071441 0.000779621016595 0.00768719959282 0.00686925937271 6.12720965438e+18 0.05 0.22212131894 9.81427321697e-05 0.0745880273793  0.0505043940667
1.23905882512e-08 0.000117948695748 0.00677706399847 0.0198434874611 0.0420031566606 0.000812750427562 0.00743770004571 0.00796358614196 5.99207444625e+18 0.86 0.175861069653 0.0002205542406 0.103480074777  1.60062545405e-09 5.67095595192e-05 0.00677706399847 0.0198434874611 0.0420031566606 0.000812750427562 0.00743770004571 0.00796358614196 5.99207444625e+18 0.05 0.223281994391 7.38185843171e-05 0.0769634951234  0.0585443515284
6.35242673924e-09 9.72132848585e-05 0.0067697910084 0.0209453700469 0.040394613801 0.000788405202334 0.00745633078939 0.00711366418435 5.96185211656e+18 0.86 0.186525855414 0.000173131894249 0.0891007410417  1.28750626949e-09 6.74278876634e-05 0.0067697910084 0.0209453700469 0.040394613801 0.000788405202334 0.00745633078939 0.00711366418435 5.96185211656e+18 0.05 0.224505282038 0.000101870104078 0.0740474057901  0.0468881810173
4.34457499298e-08 0.000126876086636 0.00675987625496 0.0190687490448 0.0403382716844 0.000752989531676 0.00706299136304 0.00748066844605 5.54804599388e+18 0.86 0.147050345581 0.000228692964911 0.155026858131  3.33065291157e-09 7.50178859385e-05 0.00675987625496 0.0190687490448 0.0403382716844 0.000752989531676 0.00706299136304 0.00748066844605 5.54804599388e+18 0.05 0.203661227424 0.000106427517682 0.0826453183264  0.069889977584
2.03258630245e-08 0.000130801854024 0.00675661741945 0.0193937710842 0.0455316444358 0.000787592278045 0.0069882360052 0.00763525172867 6.40798482983e+18 0.86 0.165648089526 0.000242330274727 0.117033787253  1.93682827828e-09 7.53308629627e-05 0.00675661741945 0.0193937710842 0.0455316444358 0.000787592278045 0.0069882360052 0.00763525172867 6.40798482983e+18 0.05 0.217725915388 0.00011013954838 0.0776858070509  0.0642936121753
2.15572545298e-08 0.000129611420816 0.00675593775402 0.0196886900713 0.0451026209556 0.00079069562296 0.00829098326647 0.00760290306199 6.22512256682e+18 0.86 0.165197956539 0.000239896137896 0.119841833429  1.94367266238e-09 7.09453729327e-05 0.00675593775402 0.0196886900713 0.0451026209556 0.00079069562296 0.00829098326647 0.00760290306199 6.22512256682e+18 0.05 0.218175885314 9.6663396738e-05 0.0778534714726  0.0654048503395
5.42237327941e-09 9.48646110007e-05 0.00675345344212 0.0207839933453 0.0421930118197 0.000789034577457 0.00699747281877 0.00842132022687 6.31375751313e+18 0.86 0.19080328523 0.00016704402701 0.0865502763228  1.09090681407e-09 6.82973302007e-05 0.00675345344212 0.0207839933453 0.0421930118197 0.000789034577457 0.00699747281877 0.00842132022687 6.31375751313e+18 0.05 0.229199383438 0.000104277342986 0.0726707028991  0.0474025903802
3.43249325941e-08 0.000135909079223 0.00674938046057 0.0191962762902 0.0423403248693 0.000728382944783 0.00713895912719 0.00747435626499 5.8343596745e+18 0.86 0.150885456076 0.00024583748696 0.137200280406  2.99049877961e-09 7.90466748975e-05 0.00674938046057 0.0191962762902 0.0423403248693 0.000728382944783 0.00713895912719 0.00747435626499 5.8343596745e+18 0.05 0.203876051226 0.00011106470194 0.080178208418  0.0654204878395
8.36532794328e-09 0.000108774320718 0.00673830691251 0.0200490405546 0.0406509781745 0.000836836758735 0.00782050911667 0.0079481580868 6.07866539007e+18 0.86 0.186091834214 0.000206812943608 0.0971641337909  1.23306314579e-09 6.78618646726e-05 0.00673830691251 0.0200490405546 0.0406509781745 0.000836836758735 0.00782050911667 0.0079481580868 6.07866539007e+18 0.05 0.23074717681 0.000107769538707 0.0750548629882  0.0551300525877
3.12169944727e-08 0.000134349775453 0.0067370661848 0.019026939547 0.0462973911 0.000786338837748 0.00705739559926 0.00720855294382 6.15558652857e+18 0.86 0.155307578805 0.000245643684689 0.132305362919  2.52212502249e-09 7.97368202318e-05 0.0067370661848 0.019026939547 0.0462973911 0.000786338837748 0.00705739559926 0.00720855294382 6.15558652857e+18 0.05 0.211045559772 0.000116853485602 0.0799725300441  0.0688123221815
7.58905162881e-09 9.50338168366e-05 0.00672923478022 0.0201443076522 0.0433020034747 0.000898551586806 0.00826527520632 0.00798662709643 6.20086582061e+18 0.86 0.191565860834 0.000158312620896 0.097139243014  1.03332096438e-09 6.27597954772e-05 0.00672923478022 0.0201443076522 0.0433020034747 0.000898551586806 0.00826527520632 0.00798662709643 6.20086582061e+18 0.05 0.238831388886 9.64929767462e-05 0.0750196526195  0.0583525037679
5.40523666493e-09 8.61811073673e-05 0.00672866222464 0.0207843714859 0.0394020808002 0.000818175830192 0.00759608904355 0.00702348468997 6.1586082417e+18 0.86 0.192906514244 0.000150837102783 0.0886364792586  1.07181588927e-09 6.2596312876e-05 0.00672866222464 0.0207843714859 0.0394020808002 0.000818175830192 0.00759608904355 0.00702348468997 6.1586082417e+18 0.05 0.231860978249 9.6384022483e-05 0.0738235435816  0.0480919308704
6.24950726548e-09 0.000111948746857 0.0067276226207 0.0212989943781 0.0434347962303 0.000785566377156 0.00823964434347 0.00809140326346 5.95426689314e+18 0.86 0.186307060562 0.000203769792271 0.0885055010417  1.25449394294e-09 7.24427907621e-05 0.0067276226207 0.0212989943781 0.0434347962303 0.000785566377156 0.00823964434347 0.00809140326346 5.95426689314e+18 0.05 0.224468356877 0.000110185812607 0.0737650267837  0.0471127115
4.91601398511e-09 9.53017059219e-05 0.00671825874226 0.020969461153 0.0423855318617 0.000843582468906 0.00744823825859 0.00819742176215 6.30005124673e+18 0.86 0.196090085929 0.000169090152696 0.0867693777395  9.41924593899e-10 6.54715059498e-05 0.00671825874226 0.020969461153 0.0423855318617 0.000843582468906 0.00744823825859 0.00819742176215 6.30005124673e+18 0.05 0.23620083199 0.000103483733008 0.0727527481144  0.0495194395815
6.31190848851e-09 0.000120272775513 0.00671416535998 0.0220939062931 0.0429669376686 0.000774438845705 0.00709953488998 0.00835223697099 5.65130084619e+18 0.86 0.183186790324 0.000226256782138 0.0866386838824  1.43045328677e-09 7.36232932173e-05 0.00671416535998 0.0220939062931 0.0429669376686 0.000774438845705 0.00709953488998 0.00835223697099 5.65130084619e+18 0.05 0.218794434701 0.000108875770925 0.0737985805441  0.0439600547864
1.47095026131e-08 9.74026554277e-05 0.00670883900686 0.0196257987651 0.0396569908795 0.000926963675194 0.00770636731295 0.00775157761442 6.43495158485e+18 0.86 0.184102058475 0.000184797094192 0.117740370188  1.19049202543e-09 5.53053334859e-05 0.00670883900686 0.0196257987651 0.0396569908795 0.000926963675194 0.00770636731295 0.00775157761442 6.43495158485e+18 0.05 0.241939247738 8.21408226487e-05 0.0780614540219  0.0714039373617
1.04908320772e-08 0.000120973422462 0.00667475816301 0.0198677538433 0.041274340004 0.00077150962967 0.00728825800479 0.00739757225695 6.11449481632e+18 0.86 0.176468884213 0.000226108796468 0.0977780041206  1.62357107911e-09 5.72114764763e-05 0.00667475816301 0.0198677538433 0.041274340004 0.00077150962967 0.00728825800479 0.00739757225695 6.11449481632e+18 0.05 0.219899250536 7.36578918596e-05 0.0754426397936  0.0536177362012
9.63203769634e-09 0.000115912558171 0.00666055097745 0.0199695279849 0.0416413615292 0.000809050440296 0.00804890432893 0.00765368544249 6.01945294864e+18 0.86 0.180758617823 0.000218749900211 0.0977608695605  1.42624882711e-09 7.20606694833e-05 0.00666055097745 0.0199695279849 0.0416413615292 0.000809050440296 0.00804890432893 0.00765368544249 6.01945294864e+18 0.05 0.224799293768 0.000112053564919 0.0752227067797  0.0543712048704
6.93717454126e-08 0.000129215756804 0.00666018968891 0.0182024368901 0.0437707256679 0.000794890839554 0.00759990444578 0.00780000971402 5.75272360377e+18 0.86 0.139148553287 0.00023214283086 0.194987759081  3.53885538808e-09 7.94676199486e-05 0.00666018968891 0.0182024368901 0.0437707256679 0.000794890839554 0.00759990444578 0.00780000971402 5.75272360377e+18 0.05 0.206110590989 0.00011642511483 0.0840297717548  0.0826691823481
1.68040208926e-08 0.000106024973633 0.00665403431458 0.0197766198372 0.0388526043951 0.000847308219646 0.00723488633287 0.00716305604641 6.12944906997e+18 0.86 0.174195724069 0.000197554663917 0.117554718352  1.65023178719e-09 5.73839075669e-05 0.00665403431458 0.0197766198372 0.0388526043951 0.000847308219646 0.00723488633287 0.00716305604641 6.12944906997e+18 0.05 0.22684019707 7.54487603251e-05 0.0781842300052  0.0649931765444
3.05091545802e-08 0.000128953742677 0.00662727250566 0.0193005001571 0.0419194842901 0.000757338992954 0.0070265224547 0.00794469757803 5.89584402252e+18 0.86 0.155323620537 0.00023448713765 0.134281353521  2.64569749284e-09 7.46441632734e-05 0.00662727250566 0.0193005001571 0.0419194842901 0.000757338992954 0.0070265224547 0.00794469757803 5.89584402252e+18 0.05 0.208816386233 0.000106142471056 0.0800395069711  0.0660404514765
2.19327462651e-08 0.000116540323745 0.00660735317867 0.0190927489718 0.03985780193 0.000788258980708 0.00769526772462 0.00826511235452 6.30857296051e+18 0.86 0.167704387267 0.000215550535824 0.123623343617  1.84679008294e-09 6.88725530009e-05 0.00660735317867 0.0190927489718 0.03985780193 0.000788258980708 0.00769526772462 0.00826511235452 6.30857296051e+18 0.05 0.221943882446 0.000102800601366 0.0782481500196  0.0669623397272
4.15611116363e-09 0.000110307282889 0.0066071670127 0.0214816498122 0.043266699007 0.000796781558524 0.00774580799425 0.00709631296041 6.35560770887e+18 0.86 0.194875152832 0.000206190763187 0.0829441972508  9.98540421023e-10 6.92760227523e-05 0.0066071670127 0.0214816498122 0.043266699007 0.000796781558524 0.00774580799425 0.00709631296041 6.35560770887e+18 0.05 0.230032611385 0.000105891629748 0.0719492861711  0.0434042698185
5.00124441934e-09 8.60794977836e-05 0.006599610061 0.0205936476017 0.0415257817287 0.000785622868752 0.00768384370082 0.00729044938342 6.46891525596e+18 0.86 0.192465547742 0.000147707087698 0.0859133610436  1.05056944065e-09 6.63494227502e-05 0.006599610061 0.0205936476017 0.0415257817287 0.000785622868752 0.00768384370082 0.00729044938342 6.46891525596e+18 0.05 0.229999804423 0.000100464288519 0.0724667974118  0.0463385884951
4.30131759063e-08 0.000125950015723 0.0065893358854 0.0186455064583 0.0407366967731 0.000758836196372 0.00769034448665 0.00751321649889 5.83053426323e+18 0.86 0.149286241859 0.000227925607509 0.15509488816  3.00857813777e-09 7.59477737218e-05 0.0065893358854 0.0186455064583 0.0407366967731 0.000758836196372 0.00769034448665 0.00751321649889 5.83053426323e+18 0.05 0.207506157128 0.000109392402743 0.08232328238  0.0718764386037
7.27100175775e-08 0.000125312619332 0.00655943659616 0.0180485991694 0.0433442217529 0.000805223840497 0.00769273995698 0.00759621905415 5.76278033832e+18 0.86 0.138505420509 0.000224216115237 0.203514459028  3.57544315119e-09 7.72558760602e-05 0.00655943659616 0.0180485991694 0.0433442217529 0.000805223840497 0.00769273995698 0.00759621905415 5.76278033832e+18 0.05 0.206829877606 0.000112762984196 0.0854602482581  0.0843511816012
3.32942919219e-08 0.000121843210419 0.00655421072762 0.0188029849138 0.0417524982267 0.000794987428317 0.00732175356217 0.00687822135562 6.01866412582e+18 0.86 0.155603616805 0.000221719057939 0.14088522537  2.58297970191e-09 7.32719515564e-05 0.00655421072762 0.0188029849138 0.0417524982267 0.000794987428317 0.00732175356217 0.00687822135562 6.01866412582e+18 0.05 0.212413436181 0.000106980640814 0.0807349621045  0.0701355794765
1.10143892518e-08 0.000113159773784 0.00654998453758 0.0200179061627 0.0400160510203 0.000801235552604 0.0078809954882 0.00844078042466 5.77430116769e+18 0.86 0.177782825798 0.00021212634731 0.100888649972  1.58558383147e-09 7.04417442458e-05 0.00654998453758 0.0200179061627 0.0400160510203 0.000801235552604 0.0078809954882 0.00844078042466 5.77430116769e+18 0.05 0.222109689722 0.000108050319573 0.0765879692459  0.054724523363
5.97045957535e-09 0.00012351692412 0.00653299084109 0.0223369574592 0.0436648658184 0.000762866910346 0.0075401038271 0.00794312185863 5.63435667629e+18 0.86 0.182842281095 0.000233715071342 0.0857550350378  1.46888200763e-09 7.50417794453e-05 0.00653299084109 0.0223369574592 0.0436648658184 0.000762866910346 0.0075401038271 0.00794312185863 5.63435667629e+18 0.05 0.216737476876 0.000110744198509 0.073592350119  0.0418459207173
3.89209568351e-09 0.000113529513738 0.00643849774227 0.0219653486315 0.0417976746368 0.000777109080892 0.008218658559 0.00775484204337 6.2243746367e+18 0.86 0.195381363821 0.000217895014022 0.0811969726697  9.93719344593e-10 6.95465978547e-05 0.00643849774227 0.0219653486315 0.0417976746368 0.000777109080892 0.008218658559 0.00775484204337 6.2243746367e+18 0.05 0.229280463919 0.000106278941648 0.0717183285347  0.0418507408617
6.30906327517e-09 0.000122352634757 0.00641596259496 0.0214987022222 0.0453041418733 0.000764001863364 0.00729516535048 0.00748271421413 5.93791555408e+18 0.86 0.181945953212 0.000226418811951 0.0861431283301  1.47497839977e-09 7.68717682142e-05 0.00641596259496 0.0214987022222 0.0453041418733 0.000764001863364 0.00729516535048 0.00748271421413 5.93791555408e+18 0.05 0.216773803844 0.000113496368964 0.0736342686146  0.0429973464593
5.97831450783e-08 0.000148615817622 0.00632238513479 0.019108646642 0.0453530202501 0.000716455277271 0.00755716532366 0.00714078216786 5.32078818802e+18 0.86 0.134405681625 0.000264828319505 0.166472460151  4.68712324621e-09 8.71140332036e-05 0.00632238513479 0.019108646642 0.0453530202501 0.000716455277271 0.00755716532366 0.00714078216786 5.32078818802e+18 0.05 0.190437414753 0.000119518487489 0.0833701642743  0.0691749791704
5.61304288677e-08 0.00012033218337 0.00628194939804 0.0182266994391 0.0424833084683 0.000823745112143 0.00783314310914 0.0076689724639 5.89738010573e+18 0.86 0.14612945761 0.000217185725537 0.18082226001  3.03273726838e-09 7.40840545049e-05 0.00628194939804 0.0182266994391 0.0424833084683 0.000823745112143 0.00783314310914 0.0076689724639 5.89738010573e+18 0.05 0.211796706536 0.000110058195271 0.0836192750701  0.0810706776864
